0.006667	50.000000	-0.163517
0.013333	50.000000	1.124182
0.020000	50.000000	4.629588
0.026667	50.000000	9.800826
0.033333	50.000000	16.208667
0.040000	50.000000	23.607830
0.046667	50.000000	31.763262
0.053333	50.000000	40.562547
0.060000	50.000000	49.760401
0.066667	50.000000	58.845836
0.073333	50.000000	66.807098
0.080000	50.000000	72.683506
0.086667	50.000000	76.158248
0.093333	50.000000	77.384629
0.100000	50.000000	76.883860
0.106667	50.000000	75.207800
0.113333	50.000000	72.826578
0.120000	50.000000	70.067222
0.126667	50.000000	67.215892
0.133333	50.000000	64.456529
0.140000	50.000000	61.973114
0.146667	50.000000	59.745188
0.153333	50.000000	57.793195
0.160000	50.000000	56.127363
0.166667	50.000000	54.737464
0.173333	50.000000	53.592840
0.180000	50.000000	52.693496
0.186667	50.000000	52.008766
0.193333	50.000000	51.497775
0.200000	50.000000	51.058321
0.206667	50.000000	50.598427
0.213333	50.000000	50.230516
0.220000	50.000000	50.046558
0.226667	50.000000	49.923919
0.233333	50.000000	49.760401
0.240000	50.000000	49.586665
0.246667	50.000000	49.504907
0.253333	50.000000	49.566225
0.260000	50.000000	49.617325
0.266667	50.000000	49.566225
0.273333	50.000000	49.494686
0.280000	50.000000	49.453807
0.286667	50.000000	49.453807
0.293333	50.000000	49.453807
0.300000	50.000000	49.453807
0.306667	50.000000	49.515125
0.313333	50.000000	49.699083
0.320000	50.000000	49.852379
0.326667	50.000000	49.872819
0.333333	50.000000	49.842161
0.340000	50.000000	49.821722
0.346666	50.000000	49.821722
0.353333	50.000000	49.811501
0.360000	50.000000	49.821722
0.366666	50.000000	49.821722
0.373333	50.000000	49.821722
0.380000	50.000000	49.821722
0.386666	50.000000	49.821722
0.393333	50.000000	49.821722
0.400000	50.000000	49.852379
0.406666	50.000000	50.005676
0.413333	50.000000	50.138537
0.420000	50.000000	50.148755
0.426666	50.000000	50.118094
0.433333	50.000000	50.077216
0.440000	50.000000	50.066998
0.446666	50.000000	50.056776
0.453333	50.000000	50.046558
0.460000	50.000000	50.046558
0.466666	50.000000	50.046558
0.473333	50.000000	50.046558
0.480000	50.000000	50.046558
0.486666	50.000000	50.046558
0.493333	50.000000	50.036337
0.500000	50.000000	50.036337
0.506666	50.000000	50.036337
0.513333	-50.000000	50.036337
0.520000	-50.000000	49.065453
0.526666	-50.000000	46.438955
0.533333	-50.000000	42.586072
0.540000	-50.000000	37.803188
0.546666	-50.000000	32.315134
0.553333	-50.000000	26.275208
0.560000	-50.000000	19.806049
0.566666	-50.000000	12.979197
0.573333	-50.000000	5.886628
0.580000	-50.000000	-1.941770
0.586666	-50.000000	-9.402253
0.593333	-50.000000	-17.005814
0.600000	-50.000000	-24.711573
0.606666	-50.000000	-32.499092
0.613333	-50.000000	-40.368368
0.620000	-50.000000	-48.278526
0.626666	-50.000000	-56.239781
0.633333	-50.000000	-64.272572
0.640000	-50.000000	-72.305366
0.646666	-50.000000	-80.358603
0.653333	-50.000000	-88.462937
0.660000	-50.000000	-96.577488
0.666666	-50.000000	-104.702265
0.673333	-50.000000	-112.837252
0.680000	-50.000000	-120.399938
0.686666	-50.000000	-125.877777
0.693333	-50.000000	-128.115921
0.700000	-50.000000	-127.196127
0.706666	-50.000000	-123.895124
0.713333	-50.000000	-118.846521
0.719999	-50.000000	-112.479562
0.726666	-50.000000	-105.131494
0.733333	-50.000000	-96.965846
0.739999	-50.000000	-88.391397
0.746666	-50.000000	-80.011131
0.753333	-50.000000	-72.458670
0.759999	-50.000000	-66.061043
0.766666	-50.000000	-60.900029
0.773333	-50.000000	-56.904068
0.779999	-50.000000	-53.960755
0.786666	-50.000000	-51.845248
0.793333	-50.000000	-50.404252
0.799999	-50.000000	-49.474246
0.806666	-50.000000	-48.942813
0.813333	-50.000000	-48.666877
0.819999	-50.000000	-48.564680
0.826666	-50.000000	-48.564680
0.833333	-50.000000	-48.595341
0.839999	-50.000000	-48.646438
0.846666	-50.000000	-48.717977
0.853333	-50.000000	-48.809956
0.859999	-50.000000	-48.932595
0.866666	-50.000000	-49.055231
0.873333	-50.000000	-49.188089
0.879999	-50.000000	-49.310728
0.886666	-50.000000	-49.433368
0.893333	-50.000000	-49.545786
0.899999	-50.000000	-49.637765
0.906666	-50.000000	-49.729743
0.913333	-50.000000	-49.791061
0.919999	-50.000000	-49.852379
0.926666	-50.000000	-49.893258
0.933333	-50.000000	-49.923919
0.939999	-50.000000	-49.954579
0.946666	-50.000000	-49.975019
0.953333	-50.000000	-49.995458
0.959999	-50.000000	-50.015898
0.966666	-50.000000	-50.015898
0.973333	-50.000000	-50.026119
0.979999	-50.000000	-50.026119
0.986666	-50.000000	-50.026119
0.993333	-50.000000	-50.026119
0.999999	-50.000000	-50.026119
1.006666	-50.000000	-50.026119
1.013333	-50.000000	-50.026119
1.019999	50.000000	-50.026119
1.026666	50.000000	-48.728199
1.033333	50.000000	-45.161474
1.039999	50.000000	-39.928914
1.046666	50.000000	-33.439315
1.053333	50.000000	-25.958393
1.059999	50.000000	-17.741642
1.066666	50.000000	-8.911700
1.073333	50.000000	0.909566
1.079999	50.000000	10.536655
1.086666	50.000000	20.327263
1.093333	50.000000	30.281388
1.099999	50.000000	40.337707
1.106666	50.000000	50.486009
1.113333	50.000000	60.736508
1.119999	50.000000	71.078985
1.126666	50.000000	81.401027
1.133332	50.000000	91.804825
1.139999	50.000000	102.188181
1.146666	50.000000	111.590435
1.153332	50.000000	117.885855
1.159999	50.000000	120.522581
1.166666	50.000000	120.512349
1.173332	50.000000	118.570581
1.179999	50.000000	115.218475
1.186666	50.000000	110.793284
1.193332	50.000000	105.550506
1.199999	50.000000	99.653662
1.206666	50.000000	93.307139
1.213332	50.000000	86.551829
1.219999	50.000000	79.520573
1.226666	50.000000	72.264487
1.233332	50.000000	65.008402
1.239999	50.000000	58.283746
1.246666	50.000000	52.581078
1.253332	50.000000	48.217205
1.259999	50.000000	45.202352
1.266666	50.000000	43.413881
1.273332	50.000000	42.575854
1.279999	50.000000	42.473654
1.286666	50.000000	42.851791
1.293332	50.000000	43.536521
1.299999	50.000000	44.405204
1.306666	50.000000	45.294331
1.313332	50.000000	46.071040
1.319999	50.000000	46.714888
1.326666	50.000000	47.276981
1.333332	50.000000	47.757314
1.339999	50.000000	48.186547
1.346666	50.000000	48.554459
1.353332	50.000000	48.871274
1.359999	50.000000	49.136992
1.366666	50.000000	49.351607
1.373332	50.000000	49.525347
1.379999	50.000000	49.658204
1.386666	50.000000	49.760401
1.393332	50.000000	49.842161
1.399999	50.000000	49.903479
1.406666	50.000000	50.056776
1.413332	50.000000	50.220294
1.419999	50.000000	50.271394
1.426666	50.000000	50.250955
1.433332	50.000000	50.240734
1.439999	50.000000	50.240734
1.446666	50.000000	50.230516
1.453332	50.000000	50.230516
1.459999	50.000000	50.220294
1.466666	50.000000	50.210073
1.473332	50.000000	50.199855
1.479999	50.000000	50.179416
1.486665	50.000000	50.158976
1.493332	50.000000	50.128316
1.499999	50.000000	50.118094
1.506665	50.000000	50.097655
1.513332	50.000000	50.077216
1.519999	-50.000000	50.066998
1.526665	-50.000000	49.085892
1.533332	-50.000000	46.459394
1.539999	-50.000000	42.606515
1.546665	-50.000000	37.813409
1.553332	-50.000000	32.304913
1.559999	-50.000000	26.234330
1.566665	-50.000000	19.724292
1.573332	-50.000000	12.876998
1.579999	-50.000000	5.774209
1.586665	-50.000000	-1.962209
1.593332	-50.000000	-9.453352
1.599999	-50.000000	-17.077353
1.606665	-50.000000	-24.813772
1.613332	-50.000000	-32.642171
1.619999	-50.000000	-40.501225
1.626665	-50.000000	-48.452262
1.633332	-50.000000	-56.433956
1.639999	-50.000000	-64.476972
1.646665	-50.000000	-72.540427
1.653332	-50.000000	-80.624318
1.659999	-50.000000	-88.738870
1.666665	-50.000000	-96.863646
1.673332	-50.000000	-105.019076
1.679999	-50.000000	-113.184731
1.686665	-50.000000	-120.686096
1.693332	-50.000000	-126.051510
1.699999	-50.000000	-128.095471
1.706665	-50.000000	-127.012176
1.713332	-50.000000	-123.598748
1.719999	-50.000000	-118.458170
1.726665	-50.000000	-112.040108
1.733332	-50.000000	-104.610283
1.739999	-50.000000	-96.413974
1.746665	-50.000000	-87.819089
1.753332	-50.000000	-79.479694
1.759999	-50.000000	-72.029433
1.766665	-50.000000	-65.754450
1.773332	-50.000000	-60.695629
1.779999	-50.000000	-56.812093
1.786665	-50.000000	-53.930098
1.793332	-50.000000	-51.865687
1.799999	-50.000000	-50.465570
1.806665	-50.000000	-49.566225
1.813332	-50.000000	-49.024574
1.819999	-50.000000	-48.748638
1.826665	-50.000000	-48.646438
1.833332	-50.000000	-48.646438
1.839998	-50.000000	-48.666877
1.846665	-50.000000	-48.707759
1.853332	-50.000000	-48.758856
1.859998	-50.000000	-48.840617
1.866665	-50.000000	-48.942813
1.873332	-50.000000	-49.065453
1.879998	-50.000000	-49.188089
1.886665	-50.000000	-49.320950
1.893332	-50.000000	-49.443586
1.899998	-50.000000	-49.556004
1.906665	-50.000000	-49.647983
1.913332	-50.000000	-49.729743
1.919998	-50.000000	-49.801279
1.926665	-50.000000	-49.862601
1.933332	-50.000000	-49.913701
1.939998	-50.000000	-49.944358
1.946665	-50.000000	-49.975019
1.953332	-50.000000	-49.995458
1.959998	-50.000000	-50.005676
1.966665	-50.000000	-50.015898
1.973332	-50.000000	-50.015898
1.979998	-50.000000	-50.015898
1.986665	-50.000000	-50.015898
1.993332	-50.000000	-50.015898
1.999998	-50.000000	-50.015898
2.006665	-50.000000	-50.015898
2.013332	-50.000000	-50.015898
2.019998	-50.000000	-50.015898
2.026665	50.000000	-50.015898
2.033332	50.000000	-48.717977
2.039998	50.000000	-45.171692
2.046665	50.000000	-39.928914
2.053332	50.000000	-33.429097
2.059998	50.000000	-25.968613
2.066665	50.000000	-17.751861
2.073332	50.000000	-8.911700
2.079998	50.000000	0.950445
2.086665	50.000000	10.567314
2.093332	50.000000	20.398801
2.099998	50.000000	30.332484
2.106665	50.000000	40.399029
2.113332	50.000000	50.537109
2.119998	50.000000	60.767169
2.126665	50.000000	71.068767
2.133332	50.000000	81.411245
2.139998	50.000000	91.804825
2.146665	50.000000	102.208624
2.153332	50.000000	111.590435
2.159998	50.000000	117.896073
2.166665	50.000000	120.532799
2.173331	50.000000	120.512349
2.179998	50.000000	118.570581
2.186665	50.000000	115.208257
2.193331	50.000000	110.783066
2.199998	50.000000	105.530070
2.206665	50.000000	99.653662
2.213331	50.000000	93.296921
2.219998	50.000000	86.572265
2.226665	50.000000	79.530798
2.233331	50.000000	72.274712
2.239998	50.000000	64.987966
2.246665	50.000000	58.293971
2.253331	50.000000	52.601517
2.259998	50.000000	48.227426
2.266665	50.000000	45.202352
2.273331	50.000000	43.393442
2.279998	50.000000	42.545194
2.286665	50.000000	42.442997
2.293331	50.000000	42.821130
2.299998	50.000000	43.495638
2.306665	50.000000	44.374547
2.313331	50.000000	45.273892
2.319998	50.000000	46.040379
2.326665	50.000000	46.694448
2.333331	50.000000	47.256542
2.339998	50.000000	47.747093
2.346665	50.000000	48.176326
2.353331	50.000000	48.544241
2.359998	50.000000	48.861056
2.366665	50.000000	49.126771
2.373331	50.000000	49.351607
2.379998	50.000000	49.525347
2.386665	50.000000	49.658204
2.393331	50.000000	49.760401
2.399998	50.000000	49.842161
2.406665	50.000000	49.913701
2.413331	50.000000	50.097655
2.419998	50.000000	50.261173
2.426665	50.000000	50.312273
2.433331	50.000000	50.291834
2.439998	50.000000	50.271394
2.446665	50.000000	50.261173
2.453331	50.000000	50.250955
2.459998	50.000000	50.240734
2.466665	50.000000	50.230516
2.473331	50.000000	50.210073
2.479998	50.000000	50.189634
2.486665	50.000000	50.158976
2.493331	50.000000	50.138537
2.499998	50.000000	50.118094
2.506665	50.000000	50.087437
2.513331	50.000000	50.066998
2.519998	50.000000	50.056776
2.526664	-50.000000	50.046558
2.533331	-50.000000	49.065453
2.539998	-50.000000	46.438955
2.546664	-50.000000	42.586072
2.553331	-50.000000	37.803188
2.559998	-50.000000	32.284474
2.566664	-50.000000	26.224110
2.573331	-50.000000	19.714072
2.579998	-50.000000	12.876998
2.586664	-50.000000	5.774209
2.593331	-50.000000	-2.115507
2.599998	-50.000000	-9.616870
2.606664	-50.000000	-17.220430
2.613331	-50.000000	-24.956850
2.619998	-50.000000	-32.754589
2.626664	-50.000000	-40.644304
2.633331	-50.000000	-48.595341
2.639998	-50.000000	-56.566814
2.646664	-50.000000	-64.589390
2.653331	-50.000000	-72.663063
2.659998	-50.000000	-80.746954
2.666664	-50.000000	-88.861512
2.673331	-50.000000	-96.996500
2.679998	-50.000000	-105.131494
2.686664	-50.000000	-113.286925
2.693331	-50.000000	-120.778071
2.699998	-50.000000	-126.051510
2.706664	-50.000000	-128.023932
2.713331	-50.000000	-126.879315
2.719998	-50.000000	-123.425015
2.726664	-50.000000	-118.253770
2.733331	-50.000000	-111.784611
2.739998	-50.000000	-104.375228
2.746664	-50.000000	-96.158477
2.753331	-50.000000	-87.553367
2.759998	-50.000000	-79.244640
2.766664	-50.000000	-71.814815
2.773331	-50.000000	-65.601153
2.779998	-50.000000	-60.624090
2.786664	-50.000000	-56.771211
2.793331	-50.000000	-53.909655
2.799998	-50.000000	-51.875908
2.806664	-50.000000	-50.486009
2.813331	-50.000000	-49.586665
2.819998	-50.000000	-49.055231
2.826664	-50.000000	-48.779295
2.833331	-50.000000	-48.677098
2.839998	-50.000000	-48.666877
2.846664	-50.000000	-48.687320
2.853331	-50.000000	-48.707759
2.859998	-50.000000	-48.748638
2.866664	-50.000000	-48.830395
2.873331	-50.000000	-48.942813
2.879997	-50.000000	-49.065453
2.886664	-50.000000	-49.198310
2.893331	-50.000000	-49.320950
2.899997	-50.000000	-49.453807
2.906664	-50.000000	-49.556004
2.913331	-50.000000	-49.658204
2.919997	-50.000000	-49.739961
2.926664	-50.000000	-49.811501
2.933331	-50.000000	-49.872819
2.939997	-50.000000	-49.913701
2.946664	-50.000000	-49.954579
2.953331	-50.000000	-49.975019
2.959997	-50.000000	-49.995458
2.966664	-50.000000	-50.015898
2.973331	-50.000000	-50.015898
2.979997	-50.000000	-50.015898
2.986664	-50.000000	-50.026119
2.993331	-50.000000	-50.026119
2.999997	-50.000000	-50.026119
3.006664	-50.000000	-50.026119
3.013331	-50.000000	-50.026119
3.019997	-50.000000	-50.026119
3.026664	-50.000000	-50.026119
3.033331	50.000000	-50.026119
3.039997	50.000000	-48.717977
3.046664	50.000000	-45.171692
3.053331	50.000000	-39.918696
3.059997	50.000000	-33.429097
3.066664	50.000000	-25.958393
3.073331	50.000000	-17.731422
3.079997	50.000000	-8.881041
3.086664	50.000000	0.960665
3.093331	50.000000	10.618414
3.099997	50.000000	20.419240
3.106664	50.000000	30.383584
3.113331	50.000000	40.470568
3.119997	50.000000	50.639309
3.126664	50.000000	60.879587
3.133331	50.000000	71.211846
3.139997	50.000000	81.625863
3.146664	50.000000	92.009219
3.153331	50.000000	102.443678
3.159997	50.000000	111.825490
3.166664	50.000000	118.028934
3.173331	50.000000	120.604338
3.179997	50.000000	120.522581
3.186664	50.000000	118.539927
3.193331	50.000000	115.146935
3.199997	50.000000	110.691091
3.206664	50.000000	105.417652
3.213331	50.000000	99.510583
3.219997	50.000000	93.143624
3.226664	50.000000	86.388308
3.233330	50.000000	79.346840
3.239997	50.000000	72.060094
3.246664	50.000000	64.814226
3.253330	50.000000	58.099788
3.259997	50.000000	52.448220
3.266664	50.000000	48.104787
3.273330	50.000000	45.130813
3.279997	50.000000	43.362781
3.286664	50.000000	42.545194
3.293330	50.000000	42.463436
3.299997	50.000000	42.862009
3.306664	50.000000	43.546738
3.313330	50.000000	44.425644
3.319997	50.000000	45.314771
3.326664	50.000000	46.081258
3.333330	50.000000	46.735330
3.339997	50.000000	47.276981
3.346664	50.000000	47.757314
3.353330	50.000000	48.166108
3.359997	50.000000	48.534020
3.366664	50.000000	48.861056
3.373330	50.000000	49.126771
3.379997	50.000000	49.351607
3.386664	50.000000	49.515125
3.393330	50.000000	49.658204
3.399997	50.000000	49.760401
3.406664	50.000000	49.831940
3.413330	50.000000	49.954579
3.419997	50.000000	50.179416
3.426664	50.000000	50.353152
3.433330	50.000000	50.383812
3.439997	50.000000	50.342934
3.446664	50.000000	50.291834
3.453330	50.000000	50.261173
3.459997	50.000000	50.240734
3.466664	50.000000	50.220294
3.473330	50.000000	50.189634
3.479997	50.000000	50.158976
3.486664	50.000000	50.138537
3.493330	50.000000	50.118094
3.499997	50.000000	50.107876
3.506664	50.000000	50.097655
3.513330	50.000000	50.097655
3.519997	50.000000	50.087437
3.526664	50.000000	50.077216
3.533330	-50.000000	50.066998
3.539997	-50.000000	49.096114
3.546664	-50.000000	46.469612
3.553330	-50.000000	42.606515
3.559997	-50.000000	37.803188
3.566664	-50.000000	32.284474
3.573330	-50.000000	26.193451
3.579997	-50.000000	19.673192
3.586663	-50.000000	12.805460
3.593330	-50.000000	5.682231
3.599997	-50.000000	-2.187046
3.606663	-50.000000	-9.688408
3.613330	-50.000000	-17.332848
3.619997	-50.000000	-25.079488
3.626663	-50.000000	-32.897664
3.633330	-50.000000	-40.818040
3.639997	-50.000000	-48.758856
3.646663	-50.000000	-56.750771
3.653330	-50.000000	-64.814226
3.659997	-50.000000	-72.877681
3.666663	-50.000000	-80.992233
3.673330	-50.000000	-89.127227
3.679997	-50.000000	-97.272440
3.686663	-50.000000	-105.427870
3.693330	-50.000000	-113.613961
3.699997	-50.000000	-121.054011
3.706663	-50.000000	-126.215025
3.713330	-50.000000	-128.044382
3.719997	-50.000000	-126.777122
3.726663	-50.000000	-123.241051
3.733330	-50.000000	-117.998280
3.739997	-50.000000	-111.498453
3.746663	-50.000000	-104.037974
3.753330	-50.000000	-95.810998
3.759997	-50.000000	-87.195677
3.766663	-50.000000	-78.886943
3.773330	-50.000000	-71.549100
3.779997	-50.000000	-65.396760
3.786663	-50.000000	-60.470793
3.793330	-50.000000	-56.679232
3.799997	-50.000000	-53.858559
3.806663	-50.000000	-51.845248
3.813330	-50.000000	-50.455352
3.819997	-50.000000	-49.566225
3.826663	-50.000000	-49.034792
3.833330	-50.000000	-48.758856
3.839997	-50.000000	-48.656659
3.846663	-50.000000	-48.646438
3.853330	-50.000000	-48.666877
3.859997	-50.000000	-48.707759
3.866663	-50.000000	-48.748638
3.873330	-50.000000	-48.830395
3.879997	-50.000000	-48.932595
3.886663	-50.000000	-49.045013
3.893330	-50.000000	-49.167649
3.899997	-50.000000	-49.300510
3.906663	-50.000000	-49.433368
3.913330	-50.000000	-49.545786
3.919997	-50.000000	-49.637765
3.926663	-50.000000	-49.729743
3.933330	-50.000000	-49.801279
3.939996	-50.000000	-49.852379
3.946663	-50.000000	-49.903479
3.953330	-50.000000	-49.944358
3.959996	-50.000000	-49.975019
3.966663	-50.000000	-50.005676
3.973330	-50.000000	-50.026119
3.979996	-50.000000	-50.026119
3.986663	-50.000000	-50.036337
3.993330	-50.000000	-50.036337
3.999996	-50.000000	-50.036337
4.006663	-50.000000	-50.036337
4.013330	-50.000000	-50.036337
4.019997	-50.000000	-50.036337
4.026663	-50.000000	-50.036337
4.033330	-50.000000	-50.036337
4.039997	50.000000	-50.036337
4.046663	50.000000	-48.728199
4.053330	50.000000	-45.161474
4.059997	50.000000	-39.928914
4.066663	50.000000	-33.418876
4.073330	50.000000	-25.948174
4.079997	50.000000	-17.721202
4.086663	50.000000	-8.860601
4.093330	50.000000	1.021984
4.099997	50.000000	10.751272
4.106663	50.000000	20.817814
4.113330	50.000000	31.150072
4.119997	50.000000	41.553870
4.126663	50.000000	51.988326
4.133330	50.000000	62.494325
4.139997	50.000000	72.969657
4.146663	50.000000	83.506316
4.153330	50.000000	94.042969
4.159997	50.000000	104.405889
4.166663	50.000000	113.266489
4.173330	50.000000	118.744328
4.179996	50.000000	120.655428
4.186663	50.000000	120.103563
4.193330	50.000000	117.773444
4.199996	50.000000	114.114737
4.206663	50.000000	109.454485
4.213330	50.000000	104.027749
4.219996	50.000000	98.018487
4.226663	50.000000	91.569764
4.233330	50.000000	84.742915
4.239996	50.000000	77.650344
4.246663	50.000000	70.343162
4.253330	50.000000	63.138173
4.259996	50.000000	56.648575
4.266663	50.000000	51.303596
4.273330	50.000000	47.358739
4.279996	50.000000	44.742459
4.286663	50.000000	43.270802
4.293330	50.000000	42.667833
4.299996	50.000000	42.718933
4.306663	50.000000	43.189045
4.313330	50.000000	43.914653
4.319996	50.000000	44.813998
4.326663	50.000000	45.682685
4.333330	50.000000	46.418515
4.339996	50.000000	47.011263
4.346663	50.000000	47.501818
4.353330	50.000000	47.941269
4.359996	50.000000	48.319405
4.366663	50.000000	48.646438
4.373330	50.000000	48.932595
4.379996	50.000000	49.177871
4.386663	50.000000	49.382268
4.393330	50.000000	49.545786
4.399996	50.000000	49.668422
4.406663	50.000000	49.760401
4.413330	50.000000	49.852379
4.419996	50.000000	50.046558
4.426663	50.000000	50.230516
4.433330	50.000000	50.281612
4.439996	50.000000	50.261173
4.446663	50.000000	50.240734
4.453330	50.000000	50.240734
4.459996	50.000000	50.230516
4.466663	50.000000	50.220294
4.473330	50.000000	50.210073
4.479996	50.000000	50.199855
4.486663	50.000000	50.179416
4.493330	50.000000	50.148755
4.499996	50.000000	50.128316
4.506663	50.000000	50.107876
4.513330	50.000000	50.097655
4.519996	50.000000	50.087437
4.526663	50.000000	50.066998
4.533329	50.000000	50.056776
4.539996	-50.000000	50.046558
4.546663	-50.000000	49.065453
4.553329	-50.000000	46.438955
4.559996	-50.000000	42.586072
4.566663	-50.000000	37.803188
4.573329	-50.000000	32.284474
4.579996	-50.000000	26.224110
4.586663	-50.000000	19.714072
4.593329	-50.000000	12.876998
4.599996	-50.000000	5.753770
4.606663	-50.000000	-2.084847
4.613329	-50.000000	-9.586210
4.619996	-50.000000	-17.210210
4.626663	-50.000000	-24.946629
4.633329	-50.000000	-32.754589
4.639996	-50.000000	-40.644304
4.646663	-50.000000	-48.585120
4.653329	-50.000000	-56.566814
4.659996	-50.000000	-64.599608
4.666663	-50.000000	-72.663063
4.673329	-50.000000	-80.746954
4.679996	-50.000000	-88.871730
4.686663	-50.000000	-96.996500
4.693329	-50.000000	-105.182598
4.699996	-50.000000	-113.338028
4.706663	-50.000000	-120.818957
4.713329	-50.000000	-126.092382
4.719996	-50.000000	-128.044382
4.726663	-50.000000	-126.889533
4.733329	-50.000000	-123.414784
4.739996	-50.000000	-118.243552
4.746663	-50.000000	-111.794829
4.753329	-50.000000	-104.365010
4.759996	-50.000000	-96.158477
4.766663	-50.000000	-87.563592
4.773329	-50.000000	-79.234422
4.779996	-50.000000	-71.825033
4.786663	-50.000000	-65.590935
4.793329	-50.000000	-60.593429
4.799996	-50.000000	-56.740553
4.806663	-50.000000	-53.889216
4.813329	-50.000000	-51.845248
4.819996	-50.000000	-50.455352
4.826663	-50.000000	-49.576443
4.833329	-50.000000	-49.045013
4.839996	-50.000000	-48.769077
4.846663	-50.000000	-48.666877
4.853329	-50.000000	-48.666877
4.859996	-50.000000	-48.687320
4.866663	-50.000000	-48.717977
4.873329	-50.000000	-48.779295
4.879996	-50.000000	-48.861056
4.886662	-50.000000	-48.963253
4.893329	-50.000000	-49.075671
4.899996	-50.000000	-49.198310
4.906662	-50.000000	-49.320950
4.913329	-50.000000	-49.443586
4.919996	-50.000000	-49.545786
4.926662	-50.000000	-49.647983
4.933329	-50.000000	-49.729743
4.939996	-50.000000	-49.791061
4.946662	-50.000000	-49.852379
4.953329	-50.000000	-49.903479
4.959996	-50.000000	-49.944358
4.966662	-50.000000	-49.964797
4.973329	-50.000000	-49.985237
4.979996	-50.000000	-49.995458
4.986662	-50.000000	-49.995458
4.993329	-50.000000	-50.005676
4.999996	-50.000000	-50.005676
5.006662	-50.000000	-50.005676
5.013329	-50.000000	-50.005676
5.019996	-50.000000	-50.005676
5.026662	-50.000000	-50.015898
5.033329	-50.000000	-50.015898
5.039996	-50.000000	-50.015898
5.046662	50.000000	-50.015898
5.053329	50.000000	-48.707759
5.059996	50.000000	-45.151252
5.066662	50.000000	-39.908474
5.073329	50.000000	-33.398437
5.079996	50.000000	-25.927734
5.086662	50.000000	-17.690543
5.093329	50.000000	-8.850382
5.099996	50.000000	0.970885
5.106662	50.000000	10.700173
5.113329	50.000000	20.766715
5.119996	50.000000	31.006996
5.126662	50.000000	41.298373
5.133329	50.000000	51.671511
5.139996	50.000000	62.065089
5.146662	50.000000	72.499548
5.153329	50.000000	82.974880
5.159996	50.000000	93.501315
5.166662	50.000000	103.894895
5.173329	50.000000	112.898574
5.179996	50.000000	118.580799
5.186662	50.000000	120.675878
5.193329	50.000000	120.256859
5.199996	50.000000	118.018716
5.206662	50.000000	114.451991
5.213329	50.000000	109.822400
5.219995	50.000000	104.456986
5.226662	50.000000	98.468160
5.233329	50.000000	92.050097
5.239995	50.000000	85.233466
5.246662	50.000000	78.151120
5.253329	50.000000	70.833713
5.259995	50.000000	63.618506
5.266662	50.000000	57.036929
5.273329	50.000000	51.579533
5.279995	50.000000	47.491596
5.286662	50.000000	44.762898
5.293329	50.000000	43.178824
5.299995	50.000000	42.514536
5.306662	50.000000	42.545194
5.313329	50.000000	42.994866
5.319995	50.000000	43.710257
5.326662	50.000000	44.609601
5.333329	50.000000	45.508949
5.339995	50.000000	46.265215
5.346662	50.000000	46.878406
5.353329	50.000000	47.399617
5.359995	50.000000	47.859511
5.366662	50.000000	48.268305
5.373329	50.000000	48.615780
5.379995	50.000000	48.912156
5.386662	50.000000	49.157432
5.393329	50.000000	49.372046
5.399995	50.000000	49.525347
5.406662	50.000000	49.658204
5.413329	50.000000	49.760401
5.419995	50.000000	49.842161
5.426662	50.000000	49.903479
5.433329	50.000000	50.026119
5.439995	50.000000	50.230516
5.446662	50.000000	50.322491
5.453329	50.000000	50.312273
5.459995	50.000000	50.281612
5.466662	50.000000	50.261173
5.473329	50.000000	50.261173
5.479995	50.000000	50.250955
5.486662	50.000000	50.230516
5.493329	50.000000	50.210073
5.499995	50.000000	50.189634
5.506662	50.000000	50.158976
5.513329	50.000000	50.138537
5.519995	50.000000	50.118094
5.526662	50.000000	50.097655
5.533329	50.000000	50.087437
5.539995	50.000000	50.077216
5.546662	-50.000000	50.066998
5.553329	-50.000000	49.075671
5.559995	-50.000000	46.459394
5.566662	-50.000000	42.596294
5.573328	-50.000000	37.803188
5.579995	-50.000000	32.284474
5.586662	-50.000000	26.213890
5.593328	-50.000000	19.703851
5.599995	-50.000000	12.856559
5.606662	-50.000000	5.753770
5.613328	-50.000000	-2.125727
5.619995	-50.000000	-9.616870
5.626662	-50.000000	-17.261310
5.633328	-50.000000	-24.997729
5.639995	-50.000000	-32.815907
5.646662	-50.000000	-40.715844
5.653328	-50.000000	-48.677098
5.659995	-50.000000	-56.669014
5.666662	-50.000000	-64.712026
5.673328	-50.000000	-72.795924
5.679995	-50.000000	-80.900258
5.686662	-50.000000	-89.025027
5.693328	-50.000000	-97.190682
5.699995	-50.000000	-105.325670
5.706662	-50.000000	-113.521986
5.713328	-50.000000	-120.972253
5.719995	-50.000000	-126.174153
5.726662	-50.000000	-128.044382
5.733328	-50.000000	-126.807776
5.739995	-50.000000	-123.302372
5.746662	-50.000000	-118.080037
5.753328	-50.000000	-111.600653
5.759995	-50.000000	-104.140167
5.766662	-50.000000	-95.933641
5.773328	-50.000000	-87.318313
5.779995	-50.000000	-79.040247
5.786662	-50.000000	-71.671736
5.793328	-50.000000	-65.488735
5.799995	-50.000000	-60.532114
5.806662	-50.000000	-56.720114
5.813328	-50.000000	-53.889216
5.819995	-50.000000	-51.865687
5.826662	-50.000000	-50.486009
5.833328	-50.000000	-49.596882
5.839995	-50.000000	-49.065453
5.846662	-50.000000	-48.779295
5.853328	-50.000000	-48.677098
5.859995	-50.000000	-48.666877
5.866662	-50.000000	-48.687320
5.873328	-50.000000	-48.717977
5.879995	-50.000000	-48.769077
5.886662	-50.000000	-48.840617
5.893328	-50.000000	-48.942813
5.899995	-50.000000	-49.075671
5.906662	-50.000000	-49.198310
5.913328	-50.000000	-49.320950
5.919995	-50.000000	-49.433368
5.926661	-50.000000	-49.545786
5.933328	-50.000000	-49.647983
5.939995	-50.000000	-49.729743
5.946661	-50.000000	-49.791061
5.953328	-50.000000	-49.842161
5.959995	-50.000000	-49.893258
5.966661	-50.000000	-49.934140
5.973328	-50.000000	-49.964797
5.979995	-50.000000	-49.985237
5.986661	-50.000000	-50.005676
5.993328	-50.000000	-50.026119
5.999995	-50.000000	-50.026119
