0.006667	50.000000	0.153298
0.013333	50.000000	1.338799
0.020000	50.000000	4.537609
0.026667	50.000000	8.973019
0.033333	50.000000	13.909202
0.040000	50.000000	19.192859
0.046667	50.000000	24.415198
0.053333	50.000000	29.300282
0.060000	50.000000	33.674373
0.066667	50.000000	37.557913
0.073333	50.000000	40.746501
0.080000	50.000000	43.413881
0.086667	50.000000	45.560046
0.093333	50.000000	47.225881
0.100000	50.000000	48.452262
0.106667	50.000000	49.341389
0.113333	50.000000	49.913701
0.120000	50.000000	50.271394
0.126667	50.000000	50.455352
0.133333	50.000000	50.506449
0.140000	50.000000	50.486009
0.146667	50.000000	50.465570
0.153333	50.000000	50.445131
0.160000	50.000000	50.424691
0.166667	50.000000	50.414470
0.173333	50.000000	50.404252
0.180000	50.000000	50.394030
0.186667	50.000000	50.394030
0.193333	50.000000	50.394030
0.200000	50.000000	50.394030
0.206667	50.000000	50.394030
0.213333	50.000000	50.394030
0.220000	50.000000	50.394030
0.226667	50.000000	50.394030
0.233333	50.000000	50.394030
0.240000	50.000000	50.394030
0.246667	50.000000	50.394030
0.253333	50.000000	50.394030
0.260000	50.000000	50.394030
0.266667	50.000000	50.394030
0.273333	50.000000	50.394030
0.280000	50.000000	50.394030
0.286667	50.000000	50.394030
0.293333	50.000000	50.394030
0.300000	50.000000	50.394030
0.306667	50.000000	50.394030
0.313333	50.000000	50.394030
0.320000	50.000000	50.394030
0.326667	50.000000	50.394030
0.333333	50.000000	50.394030
0.340000	50.000000	50.394030
0.346666	50.000000	50.394030
0.353333	50.000000	50.394030
0.360000	50.000000	50.383812
0.366666	50.000000	50.383812
0.373333	50.000000	50.383812
0.380000	50.000000	50.383812
0.386666	50.000000	50.383812
0.393333	50.000000	50.383812
0.400000	50.000000	50.383812
0.406666	50.000000	50.383812
0.413333	50.000000	50.383812
0.420000	50.000000	50.383812
0.426666	50.000000	50.383812
0.433333	50.000000	50.383812
0.440000	50.000000	50.383812
0.446666	50.000000	50.383812
0.453333	50.000000	50.383812
0.460000	50.000000	50.383812
0.466666	50.000000	50.383812
0.473333	50.000000	50.383812
0.480000	50.000000	50.383812
0.486666	50.000000	50.383812
0.493333	50.000000	50.383812
0.500000	50.000000	50.383812
0.506666	50.000000	50.383812
0.513333	-50.000000	50.383812
0.520000	-50.000000	49.412928
0.526666	-50.000000	46.735330
0.533333	-50.000000	42.923330
0.540000	-50.000000	38.150664
0.546666	-50.000000	32.345795
0.553333	-50.000000	26.500046
0.560000	-50.000000	19.990007
0.566666	-50.000000	12.948538
0.573333	-50.000000	5.937727
0.580000	-50.000000	-1.502317
0.586666	-50.000000	-8.891261
0.593333	-50.000000	-15.983829
0.600000	-50.000000	-22.606287
0.606666	-50.000000	-28.615552
0.613333	-50.000000	-33.878770
0.620000	-50.000000	-38.344839
0.626666	-50.000000	-42.054643
0.633333	-50.000000	-45.038834
0.640000	-50.000000	-47.348521
0.646666	-50.000000	-49.055231
0.653333	-50.000000	-50.240734
0.660000	-50.000000	-50.986782
0.666666	-50.000000	-51.375136
0.673333	-50.000000	-51.446675
0.680000	-50.000000	-51.324036
0.686666	-50.000000	-51.058321
0.693333	-50.000000	-50.721067
0.700000	-50.000000	-50.475791
0.706666	-50.000000	-50.322491
0.713333	-50.000000	-50.240734
0.719999	-50.000000	-50.210073
0.726666	-50.000000	-50.220294
0.733333	-50.000000	-50.220294
0.739999	-50.000000	-50.220294
0.746666	-50.000000	-50.220294
0.753333	-50.000000	-50.220294
0.759999	-50.000000	-50.220294
0.766666	-50.000000	-50.220294
0.773333	-50.000000	-50.220294
0.779999	-50.000000	-50.220294
0.786666	-50.000000	-50.220294
0.793333	-50.000000	-50.220294
0.799999	-50.000000	-50.220294
0.806666	-50.000000	-50.220294
0.813333	-50.000000	-50.220294
0.819999	-50.000000	-50.220294
0.826666	-50.000000	-50.220294
0.833333	-50.000000	-50.220294
0.839999	-50.000000	-50.220294
0.846666	-50.000000	-50.220294
0.853333	-50.000000	-50.220294
0.859999	-50.000000	-50.220294
0.866666	-50.000000	-50.220294
0.873333	-50.000000	-50.220294
0.879999	-50.000000	-50.220294
0.886666	-50.000000	-50.220294
0.893333	-50.000000	-50.220294
0.899999	-50.000000	-50.220294
0.906666	-50.000000	-50.220294
0.913333	-50.000000	-50.220294
0.919999	-50.000000	-50.220294
0.926666	-50.000000	-50.220294
0.933333	-50.000000	-50.220294
0.939999	-50.000000	-50.220294
0.946666	-50.000000	-50.220294
0.953333	-50.000000	-50.220294
0.959999	-50.000000	-50.220294
0.966666	-50.000000	-50.220294
0.973333	-50.000000	-50.220294
0.979999	-50.000000	-50.220294
0.986666	-50.000000	-50.220294
0.993333	-50.000000	-50.220294
0.999999	-50.000000	-50.220294
1.006666	-50.000000	-50.220294
1.013333	-50.000000	-50.220294
1.019999	50.000000	-50.220294
1.026666	50.000000	-48.912156
1.033333	50.000000	-45.345431
1.039999	50.000000	-40.102653
1.046666	50.000000	-33.602833
1.053333	50.000000	-26.121912
1.059999	50.000000	-17.874501
1.066666	50.000000	-9.054778
1.073333	50.000000	0.459893
1.079999	50.000000	9.156977
1.086666	50.000000	17.220430
1.093333	50.000000	24.425417
1.099999	50.000000	30.669742
1.106666	50.000000	35.963617
1.113333	50.000000	40.307050
1.119999	50.000000	43.740917
1.126666	50.000000	46.428733
1.133332	50.000000	48.360284
1.139999	50.000000	49.739961
1.146666	50.000000	50.659749
1.153332	50.000000	51.211618
1.159999	50.000000	51.467115
1.166666	50.000000	51.528433
1.173332	50.000000	51.477336
1.179999	50.000000	51.375136
1.186666	50.000000	51.252500
1.193332	50.000000	51.119639
1.199999	50.000000	50.997003
1.206666	50.000000	50.874364
1.213332	50.000000	50.751727
1.219999	50.000000	50.659749
1.226666	50.000000	50.577988
1.233332	50.000000	50.506449
1.239999	50.000000	50.445131
1.246666	50.000000	50.383812
1.253332	50.000000	50.342934
1.259999	50.000000	50.312273
1.266666	50.000000	50.281612
1.273332	50.000000	50.271394
1.279999	50.000000	50.261173
1.286666	50.000000	50.261173
1.293332	50.000000	50.250955
1.299999	50.000000	50.250955
1.306666	50.000000	50.240734
1.313332	50.000000	50.240734
1.319999	50.000000	50.240734
1.326666	50.000000	50.240734
1.333332	50.000000	50.240734
1.339999	50.000000	50.240734
1.346666	50.000000	50.240734
1.353332	50.000000	50.240734
1.359999	50.000000	50.240734
1.366666	50.000000	50.240734
1.373332	50.000000	50.240734
1.379999	50.000000	50.240734
1.386666	50.000000	50.240734
1.393332	50.000000	50.240734
1.399999	50.000000	50.240734
1.406666	50.000000	50.240734
1.413332	50.000000	50.240734
1.419999	50.000000	50.240734
1.426666	50.000000	50.240734
1.433332	50.000000	50.240734
1.439999	50.000000	50.240734
1.446666	50.000000	50.240734
1.453332	50.000000	50.240734
1.459999	50.000000	50.240734
1.466666	50.000000	50.240734
1.473332	50.000000	50.240734
1.479999	50.000000	50.240734
1.486665	50.000000	50.240734
1.493332	50.000000	50.240734
1.499999	50.000000	50.240734
1.506665	50.000000	50.240734
1.513332	50.000000	50.240734
1.519999	-50.000000	50.240734
1.526665	-50.000000	49.280068
1.533332	-50.000000	46.653570
1.539999	-50.000000	42.800691
1.546665	-50.000000	37.987146
1.553332	-50.000000	32.447992
1.559999	-50.000000	26.356967
1.566665	-50.000000	19.816271
1.573332	-50.000000	12.928098
1.579999	-50.000000	5.774209
1.586665	-50.000000	-2.074627
1.593332	-50.000000	-9.432912
1.599999	-50.000000	-16.474382
1.606665	-50.000000	-23.055959
1.613332	-50.000000	-29.003907
1.619999	-50.000000	-34.195585
1.626665	-50.000000	-38.610557
1.633332	-50.000000	-42.259040
1.639999	-50.000000	-45.181913
1.646665	-50.000000	-47.440496
1.653332	-50.000000	-49.106331
1.659999	-50.000000	-50.250955
1.666665	-50.000000	-50.976564
1.673332	-50.000000	-51.344475
1.679999	-50.000000	-51.416015
1.686665	-50.000000	-51.283157
1.693332	-50.000000	-51.017442
1.699999	-50.000000	-50.700627
1.706665	-50.000000	-50.465570
1.713332	-50.000000	-50.322491
1.719999	-50.000000	-50.240734
1.726665	-50.000000	-50.230516
1.733332	-50.000000	-50.230516
1.739999	-50.000000	-50.230516
1.746665	-50.000000	-50.230516
1.753332	-50.000000	-50.230516
1.759999	-50.000000	-50.230516
1.766665	-50.000000	-50.230516
1.773332	-50.000000	-50.230516
1.779999	-50.000000	-50.230516
1.786665	-50.000000	-50.230516
1.793332	-50.000000	-50.230516
1.799999	-50.000000	-50.230516
1.806665	-50.000000	-50.230516
1.813332	-50.000000	-50.230516
1.819999	-50.000000	-50.230516
1.826665	-50.000000	-50.230516
1.833332	-50.000000	-50.230516
1.839998	-50.000000	-50.230516
1.846665	-50.000000	-50.230516
1.853332	-50.000000	-50.230516
1.859998	-50.000000	-50.230516
1.866665	-50.000000	-50.230516
1.873332	-50.000000	-50.230516
1.879998	-50.000000	-50.230516
1.886665	-50.000000	-50.230516
1.893332	-50.000000	-50.230516
1.899998	-50.000000	-50.230516
1.906665	-50.000000	-50.230516
1.913332	-50.000000	-50.230516
1.919998	-50.000000	-50.230516
1.926665	-50.000000	-50.230516
1.933332	-50.000000	-50.230516
1.939998	-50.000000	-50.230516
1.946665	-50.000000	-50.230516
1.953332	-50.000000	-50.230516
1.959998	-50.000000	-50.230516
1.966665	-50.000000	-50.230516
1.973332	-50.000000	-50.230516
1.979998	-50.000000	-50.230516
1.986665	-50.000000	-50.230516
1.993332	-50.000000	-50.230516
1.999998	-50.000000	-50.230516
2.006665	-50.000000	-50.230516
2.013332	-50.000000	-50.230516
2.019998	-50.000000	-50.230516
2.026665	50.000000	-50.230516
2.033332	50.000000	-49.004135
2.039998	50.000000	-45.508949
2.046665	50.000000	-40.245732
2.053332	50.000000	-33.848109
2.059998	50.000000	-26.408068
2.066665	50.000000	-18.191316
2.073332	50.000000	-9.381813
2.079998	50.000000	0.173737
2.086665	50.000000	8.921920
2.093332	50.000000	17.046694
2.099998	50.000000	24.292560
2.106665	50.000000	30.587981
2.113332	50.000000	35.912517
2.119998	50.000000	40.266171
2.126665	50.000000	43.781796
2.133332	50.000000	46.408294
2.139998	50.000000	48.380723
2.146665	50.000000	49.780840
2.153332	50.000000	50.690406
2.159998	50.000000	51.232057
2.166665	50.000000	51.497775
2.173331	50.000000	51.548872
2.179998	50.000000	51.507993
2.186665	50.000000	51.405797
2.193331	50.000000	51.283157
2.199998	50.000000	51.150300
2.206665	50.000000	51.017442
2.213331	50.000000	50.894803
2.219998	50.000000	50.772167
2.226665	50.000000	50.669967
2.233331	50.000000	50.577988
2.239998	50.000000	50.506449
2.246665	50.000000	50.445131
2.253331	50.000000	50.394030
2.259998	50.000000	50.342934
2.266665	50.000000	50.302052
2.273331	50.000000	50.271394
2.279998	50.000000	50.250955
2.286665	50.000000	50.230516
2.293331	50.000000	50.220294
2.299998	50.000000	50.210073
2.306665	50.000000	50.199855
2.313331	50.000000	50.199855
2.319998	50.000000	50.199855
2.326665	50.000000	50.199855
2.333331	50.000000	50.199855
2.339998	50.000000	50.199855
2.346665	50.000000	50.199855
2.353331	50.000000	50.199855
2.359998	50.000000	50.199855
2.366665	50.000000	50.199855
2.373331	50.000000	50.199855
2.379998	50.000000	50.199855
2.386665	50.000000	50.199855
2.393331	50.000000	50.199855
2.399998	50.000000	50.189634
2.406665	50.000000	50.189634
2.413331	50.000000	50.189634
2.419998	50.000000	50.189634
2.426665	50.000000	50.189634
2.433331	50.000000	50.189634
2.439998	50.000000	50.189634
2.446665	50.000000	50.189634
2.453331	50.000000	50.189634
2.459998	50.000000	50.189634
2.466665	50.000000	50.189634
2.473331	50.000000	50.189634
2.479998	50.000000	50.189634
2.486665	50.000000	50.189634
2.493331	50.000000	50.189634
2.499998	50.000000	50.189634
2.506665	50.000000	50.189634
2.513331	50.000000	50.189634
2.519998	50.000000	50.189634
2.526664	-50.000000	50.189634
2.533331	-50.000000	49.249410
2.539998	-50.000000	46.643352
2.546664	-50.000000	42.790469
2.553331	-50.000000	37.987146
2.559998	-50.000000	32.447992
2.566664	-50.000000	26.346748
2.573331	-50.000000	19.806049
2.579998	-50.000000	12.938317
2.586664	-50.000000	5.774209
2.593331	-50.000000	-2.084847
2.599998	-50.000000	-9.422692
2.606664	-50.000000	-16.556141
2.613331	-50.000000	-23.055959
2.619998	-50.000000	-28.973246
2.626664	-50.000000	-34.164924
2.633331	-50.000000	-38.590115
2.639998	-50.000000	-42.238600
2.646664	-50.000000	-45.171692
2.653331	-50.000000	-47.440496
2.659998	-50.000000	-49.106331
2.666664	-50.000000	-50.261173
2.673331	-50.000000	-50.986782
2.679998	-50.000000	-51.344475
2.686664	-50.000000	-51.416015
2.693331	-50.000000	-51.293379
2.699998	-50.000000	-51.017442
2.706664	-50.000000	-50.710845
2.713331	-50.000000	-50.475791
2.719998	-50.000000	-50.332712
2.726664	-50.000000	-50.261173
2.733331	-50.000000	-50.240734
2.739998	-50.000000	-50.240734
2.746664	-50.000000	-50.240734
2.753331	-50.000000	-50.240734
2.759998	-50.000000	-50.240734
2.766664	-50.000000	-50.240734
2.773331	-50.000000	-50.240734
2.779998	-50.000000	-50.240734
2.786664	-50.000000	-50.240734
2.793331	-50.000000	-50.240734
2.799998	-50.000000	-50.240734
2.806664	-50.000000	-50.240734
2.813331	-50.000000	-50.240734
2.819998	-50.000000	-50.240734
2.826664	-50.000000	-50.240734
2.833331	-50.000000	-50.240734
2.839998	-50.000000	-50.240734
2.846664	-50.000000	-50.240734
2.853331	-50.000000	-50.240734
2.859998	-50.000000	-50.240734
2.866664	-50.000000	-50.240734
2.873331	-50.000000	-50.240734
2.879997	-50.000000	-50.240734
2.886664	-50.000000	-50.240734
2.893331	-50.000000	-50.240734
2.899997	-50.000000	-50.240734
2.906664	-50.000000	-50.240734
2.913331	-50.000000	-50.240734
2.919997	-50.000000	-50.240734
2.926664	-50.000000	-50.240734
2.933331	-50.000000	-50.240734
2.939997	-50.000000	-50.240734
2.946664	-50.000000	-50.240734
2.953331	-50.000000	-50.240734
2.959997	-50.000000	-50.240734
2.966664	-50.000000	-50.240734
2.973331	-50.000000	-50.240734
2.979997	-50.000000	-50.240734
2.986664	-50.000000	-50.240734
2.993331	-50.000000	-50.240734
2.999997	-50.000000	-50.240734
3.006664	-50.000000	-50.240734
3.013331	-50.000000	-50.240734
3.019997	-50.000000	-50.240734
3.026664	-50.000000	-50.240734
3.033331	50.000000	-50.240734
3.039997	50.000000	-48.932595
3.046664	50.000000	-45.304553
3.053331	50.000000	-40.112871
3.059997	50.000000	-33.623273
3.066664	50.000000	-26.142351
3.073331	50.000000	-17.905160
3.079997	50.000000	-9.085438
3.086664	50.000000	0.449673
3.093331	50.000000	9.187637
3.099997	50.000000	17.220430
3.106664	50.000000	24.425417
3.113331	50.000000	30.679960
3.119997	50.000000	35.973838
3.126664	50.000000	40.296829
3.133331	50.000000	43.740917
3.139997	50.000000	46.408294
3.146664	50.000000	48.401162
3.153331	50.000000	49.750183
3.159997	50.000000	50.659749
3.166664	50.000000	51.201400
3.173331	50.000000	51.467115
3.179997	50.000000	51.528433
3.186664	50.000000	51.467115
3.193331	50.000000	51.364918
3.199997	50.000000	51.242278
3.206664	50.000000	51.109421
3.213331	50.000000	50.976564
3.219997	50.000000	50.853924
3.226664	50.000000	50.731285
3.233330	50.000000	50.639309
3.239997	50.000000	50.547331
3.246664	50.000000	50.475791
3.253330	50.000000	50.414470
3.259997	50.000000	50.363373
3.266664	50.000000	50.322491
3.273330	50.000000	50.291834
3.279997	50.000000	50.261173
3.286664	50.000000	50.240734
3.293330	50.000000	50.220294
3.299997	50.000000	50.220294
3.306664	50.000000	50.220294
3.313330	50.000000	50.220294
3.319997	50.000000	50.220294
3.326664	50.000000	50.220294
3.333330	50.000000	50.220294
3.339997	50.000000	50.220294
3.346664	50.000000	50.220294
3.353330	50.000000	50.220294
3.359997	50.000000	50.220294
3.366664	50.000000	50.220294
3.373330	50.000000	50.220294
3.379997	50.000000	50.220294
3.386664	50.000000	50.220294
3.393330	50.000000	50.220294
3.399997	50.000000	50.220294
3.406664	50.000000	50.220294
3.413330	50.000000	50.220294
3.419997	50.000000	50.220294
3.426664	50.000000	50.220294
3.433330	50.000000	50.220294
3.439997	50.000000	50.220294
3.446664	50.000000	50.220294
3.453330	50.000000	50.220294
3.459997	50.000000	50.220294
3.466664	50.000000	50.220294
3.473330	50.000000	50.220294
3.479997	50.000000	50.220294
3.486664	50.000000	50.220294
3.493330	50.000000	50.220294
3.499997	50.000000	50.220294
3.506664	50.000000	50.220294
3.513330	50.000000	50.220294
3.519997	50.000000	50.220294
3.526664	50.000000	50.220294
3.533330	-50.000000	50.220294
3.539997	-50.000000	49.249410
3.546664	-50.000000	46.622912
3.553330	-50.000000	42.749591
3.559997	-50.000000	37.946267
3.566664	-50.000000	32.274256
3.573330	-50.000000	26.285428
3.579997	-50.000000	19.754951
3.586663	-50.000000	12.876998
3.593330	-50.000000	5.723110
3.599997	-50.000000	-2.156386
3.606663	-50.000000	-9.504452
3.613330	-50.000000	-16.556141
3.619997	-50.000000	-23.096838
3.626663	-50.000000	-29.024346
3.633330	-50.000000	-34.216024
3.639997	-50.000000	-38.630997
3.646663	-50.000000	-42.279479
3.653330	-50.000000	-45.202352
3.659997	-50.000000	-47.450718
3.666663	-50.000000	-49.116553
3.673330	-50.000000	-50.261173
3.679997	-50.000000	-50.986782
3.686663	-50.000000	-51.344475
3.693330	-50.000000	-51.416015
3.699997	-50.000000	-51.283157
3.706663	-50.000000	-51.017442
3.713330	-50.000000	-50.700627
3.719997	-50.000000	-50.465570
3.726663	-50.000000	-50.322491
3.733330	-50.000000	-50.240734
3.739997	-50.000000	-50.220294
3.746663	-50.000000	-50.230516
3.753330	-50.000000	-50.230516
3.759997	-50.000000	-50.230516
3.766663	-50.000000	-50.230516
3.773330	-50.000000	-50.230516
3.779997	-50.000000	-50.230516
3.786663	-50.000000	-50.230516
3.793330	-50.000000	-50.230516
3.799997	-50.000000	-50.230516
3.806663	-50.000000	-50.230516
3.813330	-50.000000	-50.230516
3.819997	-50.000000	-50.230516
3.826663	-50.000000	-50.230516
3.833330	-50.000000	-50.230516
3.839997	-50.000000	-50.230516
3.846663	-50.000000	-50.230516
3.853330	-50.000000	-50.230516
3.859997	-50.000000	-50.230516
3.866663	-50.000000	-50.230516
3.873330	-50.000000	-50.230516
3.879997	-50.000000	-50.230516
3.886663	-50.000000	-50.230516
3.893330	-50.000000	-50.230516
3.899997	-50.000000	-50.230516
3.906663	-50.000000	-50.230516
3.913330	-50.000000	-50.230516
3.919997	-50.000000	-50.230516
3.926663	-50.000000	-50.230516
3.933330	-50.000000	-50.230516
3.939996	-50.000000	-50.230516
3.946663	-50.000000	-50.230516
3.953330	-50.000000	-50.230516
3.959996	-50.000000	-50.230516
3.966663	-50.000000	-50.230516
3.973330	-50.000000	-50.230516
3.979996	-50.000000	-50.230516
3.986663	-50.000000	-50.230516
3.993330	-50.000000	-50.230516
3.999996	-50.000000	-50.230516
4.006663	-50.000000	-50.230516
4.013330	-50.000000	-50.230516
4.019997	-50.000000	-50.230516
4.026663	-50.000000	-50.230516
4.033330	-50.000000	-50.230516
4.039997	50.000000	-50.230516
4.046663	50.000000	-48.881495
4.053330	50.000000	-45.365871
4.059997	50.000000	-40.153753
4.066663	50.000000	-33.653933
4.073330	50.000000	-26.173010
4.079997	50.000000	-17.956258
4.086663	50.000000	-9.136537
4.093330	50.000000	0.419013
4.099997	50.000000	9.136537
4.106663	50.000000	17.179551
4.113330	50.000000	24.394758
4.119997	50.000000	30.649299
4.126663	50.000000	35.943177
4.133330	50.000000	40.286611
4.139997	50.000000	43.730696
4.146663	50.000000	46.387855
4.153330	50.000000	48.360284
4.159997	50.000000	49.739961
4.166663	50.000000	50.669967
4.173330	50.000000	51.211618
4.179996	50.000000	51.477336
4.186663	50.000000	51.528433
4.193330	50.000000	51.477336
4.199996	50.000000	51.364918
4.206663	50.000000	51.242278
4.213330	50.000000	51.109421
4.219996	50.000000	50.976564
4.226663	50.000000	50.843706
4.233330	50.000000	50.731285
4.239996	50.000000	50.629088
4.246663	50.000000	50.547331
4.253330	50.000000	50.475791
4.259996	50.000000	50.404252
4.266663	50.000000	50.353152
4.273330	50.000000	50.322491
4.279996	50.000000	50.291834
4.286663	50.000000	50.261173
4.293330	50.000000	50.240734
4.299996	50.000000	50.230516
4.306663	50.000000	50.220294
4.313330	50.000000	50.220294
4.319996	50.000000	50.220294
4.326663	50.000000	50.220294
4.333330	50.000000	50.220294
4.339996	50.000000	50.220294
4.346663	50.000000	50.220294
4.353330	50.000000	50.220294
4.359996	50.000000	50.220294
4.366663	50.000000	50.220294
4.373330	50.000000	50.220294
4.379996	50.000000	50.220294
4.386663	50.000000	50.220294
4.393330	50.000000	50.220294
4.399996	50.000000	50.220294
4.406663	50.000000	50.220294
4.413330	50.000000	50.220294
4.419996	50.000000	50.220294
4.426663	50.000000	50.220294
4.433330	50.000000	50.220294
4.439996	50.000000	50.220294
4.446663	50.000000	50.220294
4.453330	50.000000	50.220294
4.459996	50.000000	50.220294
4.466663	50.000000	50.220294
4.473330	50.000000	50.220294
4.479996	50.000000	50.220294
4.486663	50.000000	50.220294
4.493330	50.000000	50.220294
4.499996	50.000000	50.220294
4.506663	50.000000	50.220294
4.513330	50.000000	50.220294
4.519996	50.000000	50.220294
4.526663	50.000000	50.220294
4.533329	50.000000	50.220294
4.539996	-50.000000	50.220294
4.546663	-50.000000	49.218750
4.553329	-50.000000	46.602469
4.559996	-50.000000	42.739373
4.566663	-50.000000	37.813409
4.573329	-50.000000	32.356013
4.579996	-50.000000	26.244549
4.586663	-50.000000	19.714072
4.593329	-50.000000	12.805460
4.599996	-50.000000	5.651572
4.606663	-50.000000	-2.238145
4.613329	-50.000000	-9.606650
4.619996	-50.000000	-16.648120
4.626663	-50.000000	-23.219477
4.633329	-50.000000	-29.146985
4.639996	-50.000000	-34.328442
4.646663	-50.000000	-38.814954
4.653329	-50.000000	-42.361236
4.659996	-50.000000	-45.273892
4.666663	-50.000000	-47.542696
4.673329	-50.000000	-49.157432
4.679996	-50.000000	-50.291834
4.686663	-50.000000	-51.007221
4.693329	-50.000000	-51.354697
4.699996	-50.000000	-51.426236
4.706663	-50.000000	-51.293379
4.713329	-50.000000	-51.017442
4.719996	-50.000000	-50.710845
4.726663	-50.000000	-50.486009
4.733329	-50.000000	-50.342934
4.739996	-50.000000	-50.271394
4.746663	-50.000000	-50.240734
4.753329	-50.000000	-50.240734
4.759996	-50.000000	-50.240734
4.766663	-50.000000	-50.240734
4.773329	-50.000000	-50.240734
4.779996	-50.000000	-50.240734
4.786663	-50.000000	-50.240734
4.793329	-50.000000	-50.240734
4.799996	-50.000000	-50.240734
4.806663	-50.000000	-50.240734
4.813329	-50.000000	-50.240734
4.819996	-50.000000	-50.240734
4.826663	-50.000000	-50.240734
4.833329	-50.000000	-50.240734
4.839996	-50.000000	-50.240734
4.846663	-50.000000	-50.240734
4.853329	-50.000000	-50.240734
4.859996	-50.000000	-50.240734
4.866663	-50.000000	-50.240734
4.873329	-50.000000	-50.240734
4.879996	-50.000000	-50.240734
4.886662	-50.000000	-50.240734
4.893329	-50.000000	-50.240734
4.899996	-50.000000	-50.240734
4.906662	-50.000000	-50.240734
4.913329	-50.000000	-50.240734
4.919996	-50.000000	-50.240734
4.926662	-50.000000	-50.240734
4.933329	-50.000000	-50.240734
4.939996	-50.000000	-50.240734
4.946662	-50.000000	-50.240734
4.953329	-50.000000	-50.240734
4.959996	-50.000000	-50.240734
4.966662	-50.000000	-50.240734
4.973329	-50.000000	-50.240734
4.979996	-50.000000	-50.240734
4.986662	-50.000000	-50.240734
4.993329	-50.000000	-50.240734
4.999996	-50.000000	-50.240734
5.006662	-50.000000	-50.240734
5.013329	-50.000000	-50.240734
5.019996	-50.000000	-50.240734
5.026662	-50.000000	-50.240734
5.033329	-50.000000	-50.240734
5.039996	-50.000000	-50.240734
5.046662	50.000000	-50.240734
5.053329	50.000000	-48.993913
5.059996	50.000000	-45.447628
5.066662	50.000000	-40.245732
5.073329	50.000000	-33.766352
5.079996	50.000000	-26.316089
5.086662	50.000000	-18.089117
5.093329	50.000000	-9.279615
5.099996	50.000000	0.265716
5.106662	50.000000	9.013899
5.113329	50.000000	17.108012
5.119996	50.000000	24.353880
5.126662	50.000000	30.628860
5.133329	50.000000	35.943177
5.139996	50.000000	40.286611
5.146662	50.000000	43.730696
5.153329	50.000000	46.398073
5.159996	50.000000	48.370505
5.166662	50.000000	49.770622
5.173329	50.000000	50.669967
5.179996	50.000000	51.211618
5.186662	50.000000	51.467115
5.193329	50.000000	51.528433
5.199996	50.000000	51.477336
5.206662	50.000000	51.385357
5.213329	50.000000	51.262718
5.219995	50.000000	51.119639
5.226662	50.000000	50.986782
5.233329	50.000000	50.864146
5.239995	50.000000	50.751727
5.246662	50.000000	50.649527
5.253329	50.000000	50.557549
5.259995	50.000000	50.486009
5.266662	50.000000	50.424691
5.273329	50.000000	50.363373
5.279995	50.000000	50.322491
5.286662	50.000000	50.291834
5.293329	50.000000	50.271394
5.299995	50.000000	50.261173
5.306662	50.000000	50.250955
5.313329	50.000000	50.240734
5.319995	50.000000	50.240734
5.326662	50.000000	50.230516
5.333329	50.000000	50.230516
5.339995	50.000000	50.230516
5.346662	50.000000	50.230516
5.353329	50.000000	50.230516
5.359995	50.000000	50.230516
5.366662	50.000000	50.230516
5.373329	50.000000	50.230516
5.379995	50.000000	50.230516
5.386662	50.000000	50.230516
5.393329	50.000000	50.230516
5.399995	50.000000	50.230516
5.406662	50.000000	50.230516
5.413329	50.000000	50.230516
5.419995	50.000000	50.230516
5.426662	50.000000	50.230516
5.433329	50.000000	50.230516
5.439995	50.000000	50.230516
5.446662	50.000000	50.230516
5.453329	50.000000	50.230516
5.459995	50.000000	50.230516
5.466662	50.000000	50.230516
5.473329	50.000000	50.230516
5.479995	50.000000	50.230516
5.486662	50.000000	50.220294
5.493329	50.000000	50.220294
5.499995	50.000000	50.220294
5.506662	50.000000	50.220294
5.513329	50.000000	50.220294
5.519995	50.000000	50.220294
5.526662	50.000000	50.220294
5.533329	50.000000	50.220294
5.539995	50.000000	50.220294
5.546662	-50.000000	50.220294
5.553329	-50.000000	49.300510
5.559995	-50.000000	46.704670
5.566662	-50.000000	42.851791
5.573328	-50.000000	38.048464
5.579995	-50.000000	32.519531
5.586662	-50.000000	26.408068
5.593328	-50.000000	19.877589
5.599995	-50.000000	13.009857
5.606662	-50.000000	5.855969
5.613328	-50.000000	-1.992869
5.619995	-50.000000	-9.330714
5.626662	-50.000000	-16.382403
5.633328	-50.000000	-22.963980
5.639995	-50.000000	-28.911928
5.646662	-50.000000	-34.113827
5.653328	-50.000000	-38.549236
5.659995	-50.000000	-42.197721
5.666662	-50.000000	-45.141034
5.673328	-50.000000	-47.409839
5.679995	-50.000000	-49.085892
5.686662	-50.000000	-50.240734
5.693328	-50.000000	-50.976564
5.699995	-50.000000	-51.344475
5.706662	-50.000000	-51.416015
5.713328	-50.000000	-51.283157
5.719995	-50.000000	-51.017442
5.726662	-50.000000	-50.700627
5.733328	-50.000000	-50.465570
5.739995	-50.000000	-50.322491
5.746662	-50.000000	-50.240734
5.753328	-50.000000	-50.220294
5.759995	-50.000000	-50.220294
5.766662	-50.000000	-50.220294
5.773328	-50.000000	-50.220294
5.779995	-50.000000	-50.220294
5.786662	-50.000000	-50.220294
5.793328	-50.000000	-50.220294
5.799995	-50.000000	-50.220294
5.806662	-50.000000	-50.220294
5.813328	-50.000000	-50.220294
5.819995	-50.000000	-50.220294
5.826662	-50.000000	-50.220294
5.833328	-50.000000	-50.220294
5.839995	-50.000000	-50.220294
5.846662	-50.000000	-50.220294
5.853328	-50.000000	-50.220294
5.859995	-50.000000	-50.220294
5.866662	-50.000000	-50.220294
5.873328	-50.000000	-50.220294
5.879995	-50.000000	-50.220294
5.886662	-50.000000	-50.220294
5.893328	-50.000000	-50.220294
5.899995	-50.000000	-50.220294
5.906662	-50.000000	-50.220294
5.913328	-50.000000	-50.220294
5.919995	-50.000000	-50.220294
5.926661	-50.000000	-50.220294
5.933328	-50.000000	-50.220294
5.939995	-50.000000	-50.220294
5.946661	-50.000000	-50.220294
5.953328	-50.000000	-50.220294
5.959995	-50.000000	-50.220294
5.966661	-50.000000	-50.220294
5.973328	-50.000000	-50.220294
5.979995	-50.000000	-50.220294
5.986661	-50.000000	-50.220294
5.993328	-50.000000	-50.220294
5.999995	-50.000000	-50.220294
