0.006667	50.000000	-0.163517
0.013333	50.000000	1.124182
0.020000	50.000000	4.639807
0.026667	50.000000	9.872366
0.033333	50.000000	16.392623
0.040000	50.000000	23.893986
0.046667	50.000000	32.151616
0.053333	50.000000	41.042877
0.060000	50.000000	50.445131
0.066667	50.000000	60.205078
0.073333	50.000000	70.292059
0.080000	50.000000	80.634536
0.086667	50.000000	91.181413
0.093333	50.000000	101.799830
0.100000	50.000000	112.418241
0.106667	50.000000	122.382592
0.113333	50.000000	129.311641
0.120000	50.000000	132.060779
0.126667	50.000000	132.101651
0.133333	50.000000	130.159882
0.140000	50.000000	126.797558
0.146667	50.000000	122.362142
0.153333	50.000000	117.109153
0.160000	50.000000	111.222520
0.166667	50.000000	104.855561
0.173333	50.000000	98.100245
0.180000	50.000000	91.068995
0.186667	50.000000	83.782249
0.193333	50.000000	76.331988
0.200000	50.000000	68.728423
0.206667	50.000000	61.012447
0.213333	50.000000	53.194268
0.220000	50.000000	45.304553
0.226667	50.000000	37.353516
0.233333	50.000000	29.371822
0.240000	50.000000	21.318586
0.246667	50.000000	13.244912
0.253333	50.000000	5.140580
0.260000	50.000000	-3.515625
0.266667	50.000000	-11.660838
0.273333	50.000000	-19.826490
0.280000	50.000000	-27.992142
0.286667	50.000000	-36.178235
0.293333	50.000000	-44.384765
0.300000	50.000000	-52.570856
0.306667	50.000000	-60.787611
0.313333	50.000000	-66.653794
0.320000	50.000000	-68.350290
0.326667	50.000000	-66.939952
0.333333	50.000000	-63.250591
0.340000	50.000000	-57.874952
0.346666	50.000000	-51.252500
0.353333	50.000000	-43.659157
0.360000	50.000000	-35.299329
0.366666	50.000000	-26.346748
0.373333	50.000000	-16.893395
0.380000	50.000000	-7.061909
0.386666	50.000000	3.607603
0.393333	50.000000	14.021620
0.400000	50.000000	24.568496
0.406666	50.000000	35.146029
0.413333	50.000000	45.754225
0.420000	50.000000	56.362417
0.426666	50.000000	66.991049
0.433333	50.000000	77.578805
0.440000	50.000000	88.186997
0.446666	50.000000	98.733875
0.453333	50.000000	109.331849
0.460000	50.000000	119.919598
0.466666	50.000000	130.507361
0.473333	50.000000	141.105329
0.480000	50.000000	151.682860
0.486666	50.000000	162.270623
0.493333	50.000000	172.868591
0.500000	50.000000	183.435904
0.506666	50.000000	194.044103
0.513333	-50.000000	204.642084
0.520000	-50.000000	212.644211
0.526666	-50.000000	216.139397
0.533333	-50.000000	216.670826
0.540000	-50.000000	215.127641
0.546666	-50.000000	212.051460
0.553333	-50.000000	207.810227
0.560000	-50.000000	202.720752
0.566666	-50.000000	196.946538
0.573333	-50.000000	190.671561
0.580000	-50.000000	183.987784
0.586666	-50.000000	176.997413
0.593333	-50.000000	169.761770
0.600000	-50.000000	162.331945
0.606666	-50.000000	154.748823
0.613333	-50.000000	147.043058
0.620000	-50.000000	139.245318
0.626666	-50.000000	131.376039
0.633333	-50.000000	123.394348
0.640000	-50.000000	115.422875
0.646666	-50.000000	107.369638
0.653333	-50.000000	99.285747
0.660000	-50.000000	91.181413
0.666666	-50.000000	83.036201
0.673333	-50.000000	74.890989
0.680000	-50.000000	66.704898
0.686666	-50.000000	58.529025
0.693333	-50.000000	50.342934
0.700000	-50.000000	42.115961
0.706666	-50.000000	33.919648
0.713333	-50.000000	25.692679
0.719999	-50.000000	17.465707
0.726666	-50.000000	9.238736
0.733333	-50.000000	1.001544
0.739999	-50.000000	-7.726199
0.746666	-50.000000	-15.963390
0.753333	-50.000000	-24.200581
0.759999	-50.000000	-32.447992
0.766666	-50.000000	-40.726062
0.773333	-50.000000	-49.045013
0.779999	-50.000000	-57.241326
0.786666	-50.000000	-65.488735
0.793333	-50.000000	-73.725929
0.799999	-50.000000	-81.963117
0.806666	-50.000000	-90.210529
0.813333	-50.000000	-98.468160
0.819999	-50.000000	-106.725790
0.826666	-50.000000	-114.973203
0.833333	-50.000000	-123.230833
0.839999	-50.000000	-131.488463
0.846666	-50.000000	-139.735876
0.853333	-50.000000	-148.003724
0.859999	-50.000000	-156.271573
0.866666	-50.000000	-164.518985
0.873333	-50.000000	-172.807283
0.879999	-50.000000	-181.054682
0.886666	-50.000000	-189.322544
0.893333	-50.000000	-197.590392
0.899999	-50.000000	-205.868459
0.906666	-50.000000	-214.136307
0.913333	-50.000000	-222.404155
0.919999	-50.000000	-230.661799
0.926666	-50.000000	-238.919416
0.933333	-50.000000	-247.187278
0.939999	-50.000000	-255.465331
0.946666	-50.000000	-263.712757
0.953333	-50.000000	-272.001055
0.959999	-50.000000	-280.268890
0.966666	-50.000000	-288.536752
0.973333	-50.000000	-296.814804
0.979999	-50.000000	-305.072448
0.986666	-50.000000	-313.350528
0.993333	-50.000000	-321.618363
0.999999	-50.000000	-329.886225
1.006666	-50.000000	-335.783055
1.013333	-50.000000	-337.551091
1.019999	50.000000	-336.191856
1.026666	50.000000	-332.553605
1.033333	50.000000	-327.208627
1.039999	50.000000	-320.606593
1.046666	50.000000	-313.003036
1.053333	50.000000	-304.643212
1.059999	50.000000	-295.680419
1.066666	50.000000	-286.206619
1.073333	50.000000	-276.354699
1.079999	50.000000	-266.185968
1.086666	50.000000	-255.792388
1.093333	50.000000	-245.173957
1.099999	50.000000	-234.535118
1.106666	50.000000	-223.875815
1.113333	50.000000	-213.216526
1.119999	50.000000	-202.567455
1.126666	50.000000	-191.938821
1.133332	50.000000	-181.299968
1.139999	50.000000	-170.661115
1.146666	50.000000	-160.032480
1.153332	50.000000	-149.403845
1.159999	50.000000	-138.764992
1.166666	50.000000	-128.156793
1.173332	50.000000	-117.517940
1.179999	50.000000	-106.909748
1.186666	50.000000	-96.270895
1.193332	50.000000	-85.621817
1.199999	50.000000	-75.023850
1.206666	50.000000	-64.384990
1.213332	50.000000	-53.766580
1.219999	50.000000	-43.148166
1.226666	50.000000	-32.519531
1.233332	50.000000	-21.890898
1.239999	50.000000	-11.262264
1.246666	50.000000	0.204397
1.253332	50.000000	10.843251
1.259999	50.000000	21.461665
1.266666	50.000000	32.090298
1.273332	50.000000	42.729151
1.279999	50.000000	53.357786
1.286666	50.000000	63.986421
1.293332	50.000000	74.615056
1.299999	50.000000	85.233466
1.306666	50.000000	95.872319
1.313332	50.000000	106.500954
1.319999	50.000000	117.139807
1.326666	50.000000	127.748006
1.333332	50.000000	138.397077
1.339999	50.000000	149.025712
1.346666	50.000000	159.644129
1.353332	50.000000	170.293200
1.359999	50.000000	180.911603
1.366666	50.000000	191.550470
1.373332	50.000000	202.179091
1.379999	50.000000	212.807726
1.386666	50.000000	223.436361
1.393332	50.000000	234.054791
1.399999	50.000000	244.693631
1.406666	50.000000	255.312034
1.413332	50.000000	265.971337
1.419999	50.000000	276.610203
1.426666	50.000000	287.238824
1.433332	50.000000	297.877691
1.439999	50.000000	308.506312
1.446666	50.000000	319.196269
1.453332	50.000000	329.753364
1.459999	50.000000	340.381986
1.466666	50.000000	351.000416
1.473332	50.000000	0.582531
1.479999	50.000000	11.200945
1.486665	50.000000	21.850018
1.493332	50.000000	32.468431
1.499999	50.000000	43.117505
1.506665	50.000000	53.735919
1.513332	50.000000	64.395215
1.519999	-50.000000	75.023850
1.526665	-50.000000	85.672921
1.533332	-50.000000	96.311773
1.539999	-50.000000	106.940408
1.546665	-50.000000	117.640583
1.553332	-50.000000	128.248768
1.559999	-50.000000	138.877403
1.566665	-50.000000	149.516256
1.573332	-50.000000	160.165341
1.579999	-50.000000	170.814411
1.586665	-50.000000	181.453264
1.593332	-50.000000	192.112553
1.599999	-50.000000	202.761624
1.606665	-50.000000	210.814868
1.613332	-50.000000	214.350925
1.619999	-50.000000	214.964112
1.626665	-50.000000	213.492466
1.633332	-50.000000	210.477607
1.639999	-50.000000	206.287477
1.646665	-50.000000	201.197989
1.653332	-50.000000	195.454442
1.659999	-50.000000	189.169247
1.666665	-50.000000	182.485470
1.673332	-50.000000	175.495099
1.679999	-50.000000	168.259443
1.686665	-50.000000	160.809182
1.693332	-50.000000	153.226060
1.699999	-50.000000	145.510077
1.706665	-50.000000	137.702132
1.713332	-50.000000	129.812403
1.719999	-50.000000	121.861380
1.726665	-50.000000	113.869458
1.733332	-50.000000	105.816228
1.739999	-50.000000	97.742548
1.746665	-50.000000	89.638221
1.753332	-50.000000	81.503227
1.759999	-50.000000	73.358014
1.766665	-50.000000	65.182141
1.773332	-50.000000	56.996047
1.779999	-50.000000	48.809956
1.786665	-50.000000	40.613644
1.793332	-50.000000	32.407113
1.799999	-50.000000	24.190361
1.806665	-50.000000	15.953170
1.813332	-50.000000	7.736419
1.819999	-50.000000	-1.512536
1.826665	-50.000000	-9.749727
1.833332	-50.000000	-18.007358
1.839998	-50.000000	-26.234330
1.846665	-50.000000	-34.491960
1.853332	-50.000000	-42.739373
1.859998	-50.000000	-50.986782
1.866665	-50.000000	-59.223976
1.873332	-50.000000	-67.491824
1.879998	-50.000000	-75.739237
1.886665	-50.000000	-83.986649
1.893332	-50.000000	-92.244280
1.899998	-50.000000	-100.491685
1.906665	-50.000000	-108.728880
1.913332	-50.000000	-116.996728
1.919998	-50.000000	-125.264577
1.926665	-50.000000	-133.511989
1.933332	-50.000000	-141.759401
1.939998	-50.000000	-150.027250
1.946665	-50.000000	-158.295098
1.953332	-50.000000	-166.562960
1.959998	-50.000000	-174.820591
1.966665	-50.000000	-183.078221
1.973332	-50.000000	-191.346069
1.979998	-50.000000	-199.613918
1.986665	-50.000000	-207.881766
1.993332	-50.000000	-216.149614
1.999998	-50.000000	-224.397027
2.006665	-50.000000	-232.654657
2.013332	-50.000000	-240.922519
2.019998	-50.000000	-249.169918
2.026665	50.000000	-257.447998
2.033332	50.000000	-265.715833
2.039998	50.000000	-273.963259
2.046665	50.000000	-282.231094
2.053332	50.000000	-290.488738
2.059998	50.000000	-298.756600
2.066665	50.000000	-306.993781
2.073332	50.000000	-312.890638
2.079998	50.000000	-314.617774
2.086665	50.000000	-313.207450
2.093332	50.000000	-309.507864
2.099998	50.000000	-304.122014
2.106665	50.000000	-297.458673
2.113332	50.000000	-289.824434
2.119998	50.000000	-281.423738
2.126665	50.000000	-272.409828
2.133332	50.000000	-262.936055
2.139998	50.000000	-253.073890
2.146665	50.000000	-242.905159
2.153332	50.000000	-232.470707
2.159998	50.000000	-221.882944
2.166665	50.000000	-211.295194
2.173331	50.000000	-200.686995
2.179998	50.000000	-190.068592
2.186665	50.000000	-179.460393
2.193331	50.000000	-168.841976
2.199998	50.000000	-158.223559
2.206665	50.000000	-147.605155
2.213331	50.000000	-136.966303
2.219998	50.000000	-126.337668
2.226665	50.000000	-115.719251
2.233331	50.000000	-105.070173
2.239998	50.000000	-94.451763
2.246665	50.000000	-83.823128
2.253331	50.000000	-73.174057
2.259998	50.000000	-62.545422
2.266665	50.000000	-51.906569
2.273331	50.000000	-41.257495
2.279998	50.000000	-30.628860
2.286665	50.000000	-19.979787
2.293331	50.000000	-9.330714
2.299998	50.000000	2.452762
2.306665	50.000000	13.081395
2.313331	50.000000	23.750909
2.319998	50.000000	34.379542
2.326665	50.000000	45.038834
2.333331	50.000000	55.677691
2.339998	50.000000	66.326765
2.346665	50.000000	76.965618
2.353331	50.000000	87.614689
2.359998	50.000000	98.263760
2.366665	50.000000	108.892395
2.373331	50.000000	119.551683
2.379998	50.000000	130.190550
2.386665	50.000000	140.829403
2.393331	50.000000	151.478474
2.399998	50.000000	162.117327
2.406665	50.000000	172.776616
2.413331	50.000000	183.456354
2.419998	50.000000	194.136079
2.426665	50.000000	204.744278
2.433331	50.000000	215.383131
2.439998	50.000000	226.052637
2.446665	50.000000	237.509091
2.453331	50.000000	247.350793
2.459998	50.000000	257.969196
2.466665	50.000000	268.628499
2.473331	50.000000	279.267338
2.479998	50.000000	289.885769
2.486665	50.000000	300.514390
2.493331	50.000000	311.153256
2.499998	50.000000	321.792096
2.506665	50.000000	332.410526
2.513331	50.000000	343.049366
2.519998	50.000000	353.667796
2.526664	-50.000000	3.331668
2.533331	-50.000000	13.980742
2.539998	-50.000000	24.588935
2.546664	-50.000000	35.217569
2.553331	-50.000000	45.846204
2.559998	-50.000000	56.474835
2.566664	-50.000000	67.093249
2.573331	-50.000000	77.742326
2.579998	-50.000000	88.370955
2.586664	-50.000000	98.968929
2.593331	-50.000000	109.618007
2.599998	-50.000000	120.236424
2.606664	-50.000000	130.875276
2.613331	-50.000000	141.493680
2.619998	-50.000000	152.101879
2.626664	-50.000000	160.144891
2.633331	-50.000000	163.660526
2.639998	-50.000000	164.191956
2.646664	-50.000000	162.628320
2.653331	-50.000000	159.521486
2.659998	-50.000000	155.270035
2.666664	-50.000000	150.149893
2.673331	-50.000000	144.334806
2.679998	-50.000000	138.018944
2.686664	-50.000000	131.294281
2.693331	-50.000000	124.263039
2.699998	-50.000000	116.996728
2.706664	-50.000000	109.536249
2.713331	-50.000000	101.922467
2.719998	-50.000000	94.175830
2.726664	-50.000000	86.347429
2.733331	-50.000000	78.427053
2.739998	-50.000000	70.445355
2.746664	-50.000000	62.443222
2.753331	-50.000000	54.359331
2.759998	-50.000000	46.254997
2.766664	-50.000000	38.120003
2.773331	-50.000000	29.964573
2.779998	-50.000000	21.809139
2.786664	-50.000000	13.612827
2.793331	-50.000000	5.416515
2.799998	-50.000000	-3.454306
2.806664	-50.000000	-11.660838
2.813331	-50.000000	-19.887808
2.819998	-50.000000	-28.135219
2.826664	-50.000000	-36.372410
2.833331	-50.000000	-44.619823
2.839998	-50.000000	-52.867232
2.846664	-50.000000	-61.124866
2.853331	-50.000000	-69.392714
2.859998	-50.000000	-77.650344
2.866664	-50.000000	-85.897757
2.873331	-50.000000	-94.155387
2.879997	-50.000000	-102.433460
2.886664	-50.000000	-110.701309
2.893331	-50.000000	-118.969164
2.899997	-50.000000	-127.206345
2.906664	-50.000000	-135.484425
2.913331	-50.000000	-143.762491
2.919997	-50.000000	-152.030339
2.926664	-50.000000	-160.298188
2.933331	-50.000000	-168.566036
2.939997	-50.000000	-176.833898
2.946664	-50.000000	-185.111964
2.953331	-50.000000	-193.390031
2.959997	-50.000000	-201.678329
2.966664	-50.000000	-209.935959
2.973331	-50.000000	-218.234461
2.979997	-50.000000	-226.512541
2.986664	-50.000000	-234.770158
2.993331	-50.000000	-243.058456
2.999997	-50.000000	-251.316100
3.006664	-50.000000	-259.604371
3.013331	-50.000000	-267.872233
3.019997	-50.000000	-276.140068
3.026664	-50.000000	-284.418148
3.033331	50.000000	-292.696228
3.039997	50.000000	-298.603276
3.046664	50.000000	-300.320221
3.053331	50.000000	-298.909896
3.059997	50.000000	-295.210311
3.066664	50.000000	-289.824434
3.073331	50.000000	-283.140684
3.079997	50.000000	-275.496227
3.086664	50.000000	-267.085313
3.093331	50.000000	-258.071403
3.099997	50.000000	-248.587385
3.106664	50.000000	-238.694594
3.113331	50.000000	-228.505399
3.119997	50.000000	-218.060729
3.126664	50.000000	-207.452530
3.133331	50.000000	-196.823895
3.139997	50.000000	-186.174824
3.146664	50.000000	-175.556407
3.153331	50.000000	-164.917554
3.159997	50.000000	-154.278701
3.166664	50.000000	-143.639848
3.173331	50.000000	-133.021445
3.179997	50.000000	-122.403028
3.186664	50.000000	-111.764175
3.193331	50.000000	-101.115097
3.199997	50.000000	-90.476244
3.206664	50.000000	-79.868052
3.213331	50.000000	-69.218974
3.219997	50.000000	-58.590346
3.226664	50.000000	-47.951490
3.233330	50.000000	-37.302416
3.239997	50.000000	-26.663563
3.246664	50.000000	-16.045149
3.253330	50.000000	-5.406295
3.259997	50.000000	5.988826
3.266664	50.000000	16.637900
3.273330	50.000000	27.286973
3.279997	50.000000	37.915606
3.286664	50.000000	48.534020
3.293330	50.000000	59.172873
3.299997	50.000000	69.801508
3.306664	50.000000	80.419925
3.313330	50.000000	91.068995
3.319997	50.000000	101.697630
3.326664	50.000000	112.316041
3.333330	50.000000	122.965111
3.339997	50.000000	133.583528
3.346664	50.000000	144.222381
3.353330	50.000000	154.861234
3.359997	50.000000	165.500087
3.366664	50.000000	176.128722
3.373330	50.000000	186.767575
3.379997	50.000000	197.416646
3.386664	50.000000	208.045281
3.393330	50.000000	218.704583
3.399997	50.000000	229.323000
3.406664	50.000000	239.951622
3.413330	50.000000	250.610924
3.419997	50.000000	261.239545
3.426664	50.000000	271.868194
3.433330	50.000000	282.496815
3.439997	50.000000	293.166336
3.446664	50.000000	303.764303
3.453330	50.000000	314.413388
3.459997	50.000000	325.042009
3.466664	50.000000	335.680876
3.473330	50.000000	346.329933
3.479997	50.000000	356.948363
3.486664	50.000000	6.479379
3.493330	50.000000	17.128451
3.499997	50.000000	27.746867
3.506664	50.000000	38.395939
3.513330	50.000000	49.024574
3.519997	50.000000	59.663424
3.526664	50.000000	70.281841
3.533330	-50.000000	80.941136
3.539997	-50.000000	91.579989
3.546664	-50.000000	102.218842
3.553330	-50.000000	112.878131
3.559997	-50.000000	123.496555
3.566664	-50.000000	134.145626
3.573330	-50.000000	144.825350
3.579997	-50.000000	155.443767
3.586663	-50.000000	166.072402
3.593330	-50.000000	174.125633
3.599997	-50.000000	177.651485
3.606663	-50.000000	178.223787
3.613330	-50.000000	176.690819
3.619997	-50.000000	173.624870
3.626663	-50.000000	169.393855
3.633330	-50.000000	164.294149
3.639997	-50.000000	158.509716
3.646663	-50.000000	152.204072
3.653330	-50.000000	145.499859
3.659997	-50.000000	138.478834
3.666663	-50.000000	131.212524
3.673330	-50.000000	123.772481
3.679997	-50.000000	116.158705
3.686663	-50.000000	108.422286
3.693330	-50.000000	100.593885
3.699997	-50.000000	92.693952
3.706663	-50.000000	84.732697
3.713330	-50.000000	76.710121
3.719997	-50.000000	68.667109
3.726663	-50.000000	60.583211
3.733330	-50.000000	52.458438
3.739997	-50.000000	44.303008
3.746663	-50.000000	36.137356
3.753330	-50.000000	27.951263
3.759997	-50.000000	19.765171
3.766663	-50.000000	11.538199
3.773330	-50.000000	3.352108
3.779997	-50.000000	-5.498274
3.786663	-50.000000	-13.704805
3.793330	-50.000000	-21.941996
3.799997	-50.000000	-30.189409
3.806663	-50.000000	-38.416378
3.813330	-50.000000	-46.663791
3.819997	-50.000000	-54.900982
3.826663	-50.000000	-63.138173
3.833330	-50.000000	-71.406021
3.839997	-50.000000	-79.663652
3.846663	-50.000000	-87.911064
3.853330	-50.000000	-96.178913
3.859997	-50.000000	-104.436543
3.866663	-50.000000	-112.683955
3.873330	-50.000000	-120.982471
3.879997	-50.000000	-129.199216
3.886663	-50.000000	-137.456847
3.893330	-50.000000	-145.724695
3.899997	-50.000000	-153.982325
3.906663	-50.000000	-162.239956
3.913330	-50.000000	-170.528254
3.919997	-50.000000	-178.785884
3.926663	-50.000000	-187.063951
3.933330	-50.000000	-195.331799
3.939996	-50.000000	-203.599661
3.946663	-50.000000	-211.887945
3.953330	-50.000000	-220.166012
3.959996	-50.000000	-228.423642
3.966663	-50.000000	-236.691490
3.973330	-50.000000	-244.969570
3.979996	-50.000000	-253.216969
3.986663	-50.000000	-261.484831
3.993330	-50.000000	-269.762911
3.999996	-50.000000	-278.020528
4.006663	-50.000000	-286.298608
4.013330	-50.000000	-294.566443
4.019997	-50.000000	-302.844523
4.026663	-50.000000	-308.741380
4.033330	-50.000000	-310.488952
4.039997	50.000000	-309.139935
4.046663	50.000000	-305.491467
4.053330	50.000000	-300.136271
4.059997	50.000000	-293.513801
4.066663	50.000000	-285.889807
4.073330	50.000000	-277.499330
4.079997	50.000000	-268.516074
4.086663	50.000000	-259.032056
4.093330	50.000000	-249.149482
4.099997	50.000000	-238.970533
4.106663	50.000000	-228.556503
4.113330	50.000000	-217.907432
4.119997	50.000000	-207.227694
4.126663	50.000000	-196.547969
4.133330	50.000000	-185.868230
4.139997	50.000000	-175.188506
4.146663	50.000000	-164.539421
4.153330	50.000000	-153.859696
4.159997	50.000000	-143.190176
4.166663	50.000000	-132.541105
4.173330	50.000000	-121.881816
4.179996	50.000000	-111.242956
4.186663	50.000000	-100.583667
4.193330	50.000000	-89.883493
4.199996	50.000000	-79.275301
4.206663	50.000000	-68.585345
4.213330	50.000000	-57.946492
4.219996	50.000000	-47.276981
4.226663	50.000000	-36.638129
4.233330	50.000000	-25.978833
4.239996	50.000000	-15.329760
4.246663	50.000000	-4.670467
4.253330	50.000000	6.714435
4.259996	50.000000	17.353289
4.266663	50.000000	28.002362
4.273330	50.000000	38.671875
4.279996	50.000000	49.310728
4.286663	50.000000	59.959799
4.293330	50.000000	70.629313
4.299996	50.000000	81.268166
4.306663	50.000000	91.917243
4.313330	50.000000	102.566314
4.319996	50.000000	113.215392
4.326663	50.000000	123.864456
4.333330	50.000000	134.523759
4.339996	50.000000	145.172829
4.346663	50.000000	155.811682
4.353330	50.000000	166.491421
4.359996	50.000000	177.140492
4.366663	50.000000	187.789563
4.373330	50.000000	198.459069
4.379996	50.000000	209.097922
4.386663	50.000000	219.757225
4.393330	50.000000	230.406296
4.399996	50.000000	241.055380
4.406663	50.000000	251.714655
4.413330	50.000000	262.394394
4.419996	50.000000	273.053696
4.426663	50.000000	283.692536
4.433330	50.000000	294.372274
4.439996	50.000000	305.021359
4.446663	50.000000	315.660198
4.453330	50.000000	326.329718
4.459996	50.000000	337.244497
4.466663	50.000000	347.740285
4.473330	50.000000	358.409805
4.479996	50.000000	7.991915
4.486663	50.000000	18.610329
4.493330	50.000000	29.259403
4.499996	50.000000	39.908474
4.506663	50.000000	50.557549
4.513330	50.000000	61.186180
4.519996	50.000000	71.825033
4.526663	50.000000	82.453668
4.533329	50.000000	93.092521
4.539996	-50.000000	103.731374
4.546663	-50.000000	114.360009
4.553329	-50.000000	125.009086
4.559996	-50.000000	135.647939
4.566663	-50.000000	146.286792
4.573329	-50.000000	156.915427
4.579996	-50.000000	167.544062
4.586663	-50.000000	178.193133
4.593329	-50.000000	186.236145
4.599996	-50.000000	189.761985
4.606663	-50.000000	190.354736
4.613329	-50.000000	188.883089
4.619996	-50.000000	185.858012
4.626663	-50.000000	181.678101
4.633329	-50.000000	176.578394
4.639996	-50.000000	170.814411
4.646663	-50.000000	164.508767
4.653329	-50.000000	157.804554
4.659996	-50.000000	150.793747
4.666663	-50.000000	143.507001
4.673329	-50.000000	136.046508
4.679996	-50.000000	128.422515
4.686663	-50.000000	120.696314
4.693329	-50.000000	112.857695
4.699996	-50.000000	104.937319
4.706663	-50.000000	96.965846
4.713329	-50.000000	88.933052
4.719996	-50.000000	80.869597
4.726663	-50.000000	72.775481
4.733329	-50.000000	64.640487
4.739996	-50.000000	56.495275
4.746663	-50.000000	48.319405
4.753329	-50.000000	40.123093
4.759996	-50.000000	31.916562
4.766663	-50.000000	23.679369
4.773329	-50.000000	15.391080
4.779996	-50.000000	7.215207
4.786663	-50.000000	-1.451217
4.793329	-50.000000	-9.708848
4.799996	-50.000000	-17.925599
4.806663	-50.000000	-26.193451
4.813329	-50.000000	-34.440860
4.819996	-50.000000	-42.688273
4.826663	-50.000000	-50.966342
4.833329	-50.000000	-59.223976
4.839996	-50.000000	-67.491824
4.846663	-50.000000	-75.739237
4.853329	-50.000000	-84.017303
4.859996	-50.000000	-92.285158
4.866663	-50.000000	-100.542789
4.873329	-50.000000	-108.800419
4.879996	-50.000000	-117.068268
4.886662	-50.000000	-125.346334
4.893329	-50.000000	-133.593746
4.899996	-50.000000	-141.871826
4.906662	-50.000000	-150.139675
4.913329	-50.000000	-158.427959
4.919996	-50.000000	-166.695807
4.926662	-50.000000	-174.953438
4.933329	-50.000000	-183.241736
4.939996	-50.000000	-191.519802
4.946662	-50.000000	-199.797868
4.953329	-50.000000	-208.096384
4.959996	-50.000000	-216.364233
4.966662	-50.000000	-224.652531
4.973329	-50.000000	-232.930597
4.979996	-50.000000	-241.198459
4.986662	-50.000000	-249.466294
4.993329	-50.000000	-257.754592
4.999996	-50.000000	-266.032672
5.006662	-50.000000	-274.310724
5.013329	-50.000000	-282.578586
5.019996	-50.000000	-290.856639
5.026662	-50.000000	-299.134719
5.033329	-50.000000	-307.423017
5.039996	-50.000000	-313.319847
5.046662	50.000000	-315.087883
5.053329	50.000000	-313.738866
5.059996	50.000000	-310.090397
5.066662	50.000000	-304.735201
5.073329	50.000000	-298.092296
5.079996	50.000000	-290.478520
5.086662	50.000000	-282.098260
5.093329	50.000000	-273.094568
5.099996	50.000000	-263.610550
5.106662	50.000000	-253.748412
5.113329	50.000000	-243.538782
5.119996	50.000000	-233.114548
5.126662	50.000000	-222.485913
5.133329	50.000000	-211.806188
5.139996	50.000000	-201.146899
5.146662	50.000000	-190.477379
5.153329	50.000000	-179.797654
5.159996	50.000000	-169.148569
5.166662	50.000000	-158.509716
5.173329	50.000000	-147.870863
5.179996	50.000000	-137.211575
5.186662	50.000000	-126.582940
5.193329	50.000000	-115.923651
5.199996	50.000000	-105.295016
5.206662	50.000000	-94.645938
5.213329	50.000000	-84.027528
5.219995	50.000000	-73.388675
5.226662	50.000000	-62.739597
5.233329	50.000000	-52.090526
5.239995	50.000000	-41.461892
5.246662	50.000000	-30.823039
5.253329	50.000000	-20.204623
5.259995	50.000000	-9.555551
5.266662	50.000000	1.757812
5.273329	50.000000	12.396666
5.279995	50.000000	23.035520
5.286662	50.000000	33.664155
5.293329	50.000000	44.303008
5.299995	50.000000	54.931639
5.306662	50.000000	65.560274
5.313329	50.000000	76.209345
5.319995	50.000000	86.837980
5.326662	50.000000	97.466615
5.333329	50.000000	108.085032
5.339995	50.000000	118.734096
5.346662	50.000000	129.352513
5.353329	50.000000	139.991366
5.359995	50.000000	150.609783
5.366662	50.000000	161.258854
5.373329	50.000000	171.897707
5.379995	50.000000	182.526342
5.386662	50.000000	193.185644
5.393329	50.000000	203.834715
5.399995	50.000000	214.483786
5.406662	50.000000	225.102203
5.413329	50.000000	235.761492
5.419995	50.000000	246.400358
5.426662	50.000000	257.008544
5.433329	50.000000	267.657601
5.439995	50.000000	278.306686
5.446662	50.000000	288.925089
5.453329	50.000000	299.543519
5.459995	50.000000	310.192577
5.466662	50.000000	320.821225
5.473329	50.000000	331.470283
5.479995	50.000000	342.109149
5.486662	50.000000	352.727552
5.493329	50.000000	2.279024
5.499995	50.000000	12.917878
5.506662	50.000000	23.536292
5.513329	50.000000	34.205806
5.519995	50.000000	44.824220
5.526662	50.000000	55.452851
5.533329	50.000000	66.101929
5.539995	50.000000	76.740782
5.546662	-50.000000	87.369410
5.553329	-50.000000	98.038923
5.559995	-50.000000	108.667558
5.566662	-50.000000	119.306411
5.573328	-50.000000	129.955482
5.579995	-50.000000	140.584117
5.586662	-50.000000	151.243420
5.593328	-50.000000	161.882273
5.599995	-50.000000	172.582433
5.606662	-50.000000	183.211068
5.613328	-50.000000	191.274530
5.619995	-50.000000	194.790151
5.626662	-50.000000	195.382902
5.633328	-50.000000	193.880589
5.639995	-50.000000	190.835076
5.646662	-50.000000	186.624496
5.653328	-50.000000	181.535022
5.659995	-50.000000	175.771025
5.666662	-50.000000	169.465394
5.673328	-50.000000	162.750950
5.679995	-50.000000	155.750361
5.686662	-50.000000	148.473833
5.693328	-50.000000	141.013354
5.699995	-50.000000	133.409796
5.706662	-50.000000	125.673377
5.713328	-50.000000	117.844983
5.719995	-50.000000	109.945043
5.726662	-50.000000	101.973563
5.733328	-50.000000	93.950987
5.739995	-50.000000	85.897757
5.746662	-50.000000	77.793423
5.753328	-50.000000	69.678871
5.759995	-50.000000	61.523434
5.766662	-50.000000	53.347565
5.773328	-50.000000	45.181913
5.779995	-50.000000	36.975383
5.786662	-50.000000	28.789288
5.793328	-50.000000	20.562319
5.799995	-50.000000	12.345567
5.806662	-50.000000	4.118596
5.813328	-50.000000	-4.639807
5.819995	-50.000000	-12.876998
5.826662	-50.000000	-21.124409
5.833328	-50.000000	-29.371822
5.839995	-50.000000	-37.619231
5.846662	-50.000000	-45.887082
5.853328	-50.000000	-54.144713
5.859995	-50.000000	-62.392125
5.866662	-50.000000	-70.629313
5.873328	-50.000000	-78.886943
5.879995	-50.000000	-87.144574
5.886662	-50.000000	-95.391986
5.893328	-50.000000	-103.659841
5.899995	-50.000000	-111.917472
5.906662	-50.000000	-120.175102
5.913328	-50.000000	-128.442950
5.919995	-50.000000	-136.700581
5.926661	-50.000000	-144.947993
5.933328	-50.000000	-153.215842
5.939995	-50.000000	-161.483690
5.946661	-50.000000	-169.751538
5.953328	-50.000000	-178.029618
5.959995	-50.000000	-186.277031
5.966661	-50.000000	-194.555097
5.973328	-50.000000	-202.822946
5.979995	-50.000000	-211.090794
5.986661	-50.000000	-219.358642
5.993328	-50.000000	-227.626504
5.999995	-50.000000	-235.894353
