0.006667	200.000001	0.265716
0.013333	200.000001	1.676054
0.020000	200.000001	5.334756
0.026667	200.000001	10.700173
0.033333	200.000001	17.332848
0.040000	200.000001	24.946629
0.046667	200.000001	33.316679
0.053333	200.000001	42.299918
0.060000	200.000001	51.773712
0.066667	200.000001	61.625635
0.073333	200.000001	71.794379
0.080000	200.000001	82.187953
0.086667	200.000001	92.816588
0.093333	200.000001	103.486102
0.100000	200.000001	114.155615
0.106667	200.000001	124.835354
0.113333	200.000001	135.494643
0.120000	200.000001	146.143714
0.126667	200.000001	156.813220
0.133333	200.000001	167.452087
0.140000	200.000001	178.111376
0.146667	200.000001	188.750229
0.153333	200.000001	199.389082
0.160000	200.000001	210.017717
0.166667	200.000001	220.666787
0.173333	200.000001	231.305640
0.180000	200.000001	241.934262
0.186667	200.000001	252.593564
0.193333	200.000001	263.222213
0.200000	200.000001	273.861052
0.206667	200.000001	284.510137
0.213333	200.000001	295.138758
0.220000	200.000001	305.798060
0.226667	200.000001	316.436900
0.233333	200.000001	327.096202
0.240000	200.000001	337.765723
0.246667	200.000001	348.506769
0.253333	200.000001	358.011223
0.260000	200.000001	4.149255
0.266667	200.000001	8.758403
0.273333	200.000001	14.798329
0.280000	200.000001	21.982877
0.286667	200.000001	30.036109
0.293333	200.000001	38.743415
0.300000	200.000001	48.012808
0.306667	200.000001	57.701220
0.313333	200.000001	67.757539
0.320000	200.000001	78.048920
0.326667	200.000001	88.585573
0.333333	200.000001	99.244868
0.340000	200.000001	109.873503
0.346666	200.000001	120.522581
0.353333	200.000001	131.161434
0.360000	200.000001	141.810505
0.366666	200.000001	152.469794
0.373333	200.000001	163.098429
0.380000	200.000001	173.767936
0.386666	200.000001	184.417020
0.393333	200.000001	195.066091
0.400000	200.000001	205.704944
0.406666	200.000001	216.364233
0.413333	200.000001	227.013304
0.420000	200.000001	237.662388
0.426666	200.000001	248.321663
0.433333	200.000001	258.980966
0.440000	200.000001	269.630050
0.446666	200.000001	280.299543
0.453333	200.000001	290.948628
0.460000	200.000001	301.607931
0.466666	200.000001	312.256988
0.473333	200.000001	322.916290
0.480000	200.000001	333.555129
0.486666	200.000001	344.214432
0.493333	200.000001	354.873734
0.500000	200.000001	3.985738
0.506666	200.000001	14.645030
0.513333	-200.000001	25.294105
0.520000	-200.000001	33.347340
0.526666	-200.000001	39.417923
0.533333	-200.000001	44.650480
0.540000	-200.000001	46.960167
0.546666	-200.000001	46.684230
0.553333	-200.000001	44.548283
0.560000	-200.000001	41.012219
0.566666	-200.000001	36.423510
0.573333	-200.000001	31.037653
0.580000	-200.000001	25.038608
0.586666	-200.000001	18.549009
0.593333	-200.000001	11.681277
0.600000	-200.000001	4.547829
0.606666	-200.000001	-3.413427
0.613333	-200.000001	-10.955669
0.620000	-200.000001	-18.640988
0.626666	-200.000001	-26.438727
0.633333	-200.000001	-34.328442
0.640000	-200.000001	-42.279479
0.646666	-200.000001	-50.302052
0.653333	-200.000001	-58.375728
0.660000	-200.000001	-66.469837
0.666666	-200.000001	-74.615056
0.673333	-200.000001	-82.760268
0.680000	-200.000001	-90.956577
0.686666	-200.000001	-99.152886
0.693333	-200.000001	-107.369638
0.700000	-200.000001	-115.596608
0.706666	-200.000001	-123.833802
0.713333	-200.000001	-132.091433
0.719999	-200.000001	-140.349063
0.726666	-200.000001	-148.606693
0.733333	-200.000001	-156.884760
0.739999	-200.000001	-165.162840
0.746666	-200.000001	-173.461342
0.753333	-200.000001	-181.729190
0.759999	-200.000001	-190.027706
0.766666	-200.000001	-198.316004
0.773333	-200.000001	-206.614506
0.779999	-200.000001	-214.923240
0.786666	-200.000001	-223.211525
0.793333	-200.000001	-231.510027
0.799999	-200.000001	-239.798325
0.806666	-200.000001	-248.117277
0.813333	-200.000001	-256.415793
0.819999	-200.000001	-264.714309
0.826666	-200.000001	-273.012797
0.833333	-200.000001	-281.301095
0.839999	-200.000001	-289.609829
0.846666	-200.000001	-297.908345
0.853333	-200.000001	-306.206861
0.859999	-200.000001	-314.515567
0.866666	-200.000001	-322.814083
0.873333	-200.000001	-331.122817
0.879999	-200.000001	-339.431551
0.886666	-200.000001	-347.750503
0.893333	-200.000001	-356.069455
0.899999	-200.000001	-2.626499
0.906666	-200.000001	-8.645985
0.913333	-200.000001	-15.125363
0.919999	-200.000001	-21.982877
0.926666	-200.000001	-29.116325
0.933333	-200.000001	-36.474610
0.939999	-200.000001	-44.016850
0.946666	-200.000001	-51.681733
0.953333	-200.000001	-59.489691
0.959999	-200.000001	-67.348746
0.966666	-200.000001	-75.310000
0.973333	-200.000001	-83.332577
0.979999	-200.000001	-91.375589
0.986666	-200.000001	-99.490141
0.993333	-200.000001	-107.614917
0.999999	-200.000001	-115.760122
1.006666	-200.000001	-123.946227
1.013333	-200.000001	-132.132318
1.019999	200.000001	-140.338845
1.026666	200.000001	-146.184599
1.033333	200.000001	-150.211214
1.039999	200.000001	-152.868363
1.046666	200.000001	-152.173418
1.053333	200.000001	-149.025712
1.059999	200.000001	-144.038431
1.066666	200.000001	-137.691901
1.073333	200.000001	-130.282525
1.079999	200.000001	-122.065767
1.086666	200.000001	-113.143853
1.093333	200.000001	-103.782477
1.099999	200.000001	-93.991872
1.106666	200.000001	-83.864006
1.113333	200.000001	-73.470432
1.119999	200.000001	-62.862233
1.126666	200.000001	-52.110966
1.133332	200.000001	-41.421013
1.139999	200.000001	-30.710621
1.146666	200.000001	-20.010446
1.153332	200.000001	-9.310274
1.159999	200.000001	2.268804
1.166666	200.000001	12.989416
1.173332	200.000001	23.679369
1.179999	200.000001	34.359103
1.186666	200.000001	45.079716
1.193332	200.000001	55.749227
1.199999	200.000001	66.428958
1.206666	200.000001	77.129133
1.213332	200.000001	87.808864
1.219999	200.000001	98.498821
1.226666	200.000001	109.188770
1.233332	200.000001	119.848059
1.239999	200.000001	130.568683
1.246666	200.000001	141.217754
1.253332	200.000001	151.897479
1.259999	200.000001	162.546563
1.266666	200.000001	173.226288
1.273332	200.000001	183.895808
1.279999	200.000001	194.565315
1.286666	200.000001	205.234836
1.293332	200.000001	215.904342
1.299999	200.000001	226.573849
1.306666	200.000001	237.243370
1.313332	200.000001	247.912890
1.319999	200.000001	258.572165
1.326666	200.000001	269.241686
1.333332	200.000001	279.921424
1.339999	200.000001	290.570481
1.346666	200.000001	301.250220
1.353332	200.000001	311.919740
1.359999	200.000001	322.579043
1.366666	200.000001	333.268999
1.373332	200.000001	343.928274
1.379999	200.000001	354.597795
1.386666	200.000001	4.445631
1.393332	200.000001	15.125363
1.399999	200.000001	25.784657
1.406666	200.000001	36.474610
1.413332	200.000001	47.144124
1.419999	200.000001	57.823856
1.426666	200.000001	68.503587
1.433332	200.000001	79.183319
1.439999	200.000001	89.842614
1.446666	200.000001	100.542789
1.453332	200.000001	111.202078
1.459999	200.000001	121.881816
1.466666	200.000001	132.571772
1.473332	200.000001	143.241279
1.479999	200.000001	153.910786
1.486665	200.000001	164.600742
1.493332	200.000001	175.270263
1.499999	200.000001	185.939770
1.506665	200.000001	196.629726
1.513332	200.000001	207.309451
1.519999	-200.000001	217.978971
1.526665	-200.000001	226.073087
1.533332	-200.000001	232.164113
1.539999	-200.000001	237.979200
1.546665	-200.000001	241.188214
1.553332	-200.000001	241.556142
1.559999	-200.000001	239.900532
1.566665	-200.000001	236.722144
1.573332	-200.000001	232.419617
1.579999	-200.000001	227.238140
1.586665	-200.000001	221.392399
1.593332	-200.000001	215.035652
1.599999	-200.000001	208.280335
1.606665	-200.000001	201.208207
1.613332	-200.000001	193.911243
1.619999	-200.000001	186.420110
1.626665	-200.000001	178.755217
1.633332	-200.000001	171.008580
1.639999	-200.000001	163.149532
1.646665	-200.000001	155.208713
1.653332	-200.000001	147.216791
1.659999	-200.000001	139.163561
1.666665	-200.000001	131.069445
1.673332	-200.000001	122.934458
1.679999	-200.000001	114.779020
1.686665	-200.000001	106.603154
1.693332	-200.000001	98.396620
1.699999	-200.000001	90.200311
1.706665	-200.000001	81.973335
1.713332	-200.000001	73.725929
1.719999	-200.000001	65.498953
1.726665	-200.000001	57.241326
1.733332	-200.000001	48.983692
1.739999	-200.000001	40.705622
1.746665	-200.000001	32.437774
1.753332	-200.000001	24.169922
1.759999	-200.000001	15.881631
1.766665	-200.000001	7.593342
1.773332	-200.000001	-1.267260
1.779999	-200.000001	-9.545331
1.786665	-200.000001	-17.833621
1.793332	-200.000001	-26.121912
1.799999	-200.000001	-34.399981
1.806665	-200.000001	-42.698490
1.813332	-200.000001	-50.986782
1.819999	-200.000001	-59.264855
1.826665	-200.000001	-67.573582
1.833332	-200.000001	-75.861873
1.839998	-200.000001	-84.129721
1.846665	-200.000001	-92.428237
1.853332	-200.000001	-100.716522
1.859998	-200.000001	-108.994595
1.866665	-200.000001	-117.293104
1.873332	-200.000001	-125.581402
1.879998	-200.000001	-133.879904
1.886665	-200.000001	-142.188638
1.893332	-200.000001	-150.497372
1.899998	-200.000001	-158.775438
1.906665	-200.000001	-167.063722
1.913332	-200.000001	-175.382674
1.919998	-200.000001	-183.660741
1.926665	-200.000001	-191.959256
1.933332	-200.000001	-200.257772
1.939998	-200.000001	-208.556275
1.946665	-200.000001	-216.875226
1.953332	-200.000001	-225.153293
1.959998	-200.000001	-233.462040
1.966665	-200.000001	-241.770747
1.973332	-200.000001	-250.048827
1.979998	-200.000001	-258.357561
1.986665	-200.000001	-266.707166
1.993332	-200.000001	-274.985246
1.999998	-200.000001	-283.293980
2.006665	-200.000001	-291.561815
2.013332	-200.000001	-299.860331
2.019998	-200.000001	-308.148629
2.026665	200.000001	-316.447118
2.033332	200.000001	-322.374629
2.039998	200.000001	-326.483015
2.046665	200.000001	-331.500964
2.053332	200.000001	-337.244497
2.059998	200.000001	-343.509256
2.066665	200.000001	-350.213469
2.073332	200.000001	-357.224303
2.079998	200.000001	-3.484965
2.086665	200.000001	-10.955669
2.093332	200.000001	-18.579670
2.099998	200.000001	-26.326308
2.106665	200.000001	-34.185367
2.113332	200.000001	-42.105743
2.119998	200.000001	-50.087437
2.126665	200.000001	-58.130449
2.133332	200.000001	-66.204122
2.139998	200.000001	-74.328898
2.146665	200.000001	-82.484329
2.153332	200.000001	-90.649984
2.159998	200.000001	-98.243324
2.166665	200.000001	-103.046647
2.173331	200.000001	-103.935774
2.179998	200.000001	-101.912249
2.186665	200.000001	-97.752773
2.193331	200.000001	-92.009219
2.199998	200.000001	-85.090387
2.206665	200.000001	-77.241551
2.213331	200.000001	-68.667109
2.219998	200.000001	-59.530570
2.226665	200.000001	-49.893258
2.233331	200.000001	-39.928914
2.239998	200.000001	-29.627315
2.246665	200.000001	-19.111102
2.253331	200.000001	-8.482467
2.259998	200.000001	2.667378
2.266665	200.000001	13.326672
2.273331	200.000001	23.985965
2.279998	200.000001	34.645257
2.286665	200.000001	45.304553
2.293331	200.000001	55.963845
2.299998	200.000001	66.623140
2.306665	200.000001	77.282429
2.313331	200.000001	87.962161
2.319998	200.000001	98.631675
2.326665	200.000001	109.301188
2.333331	200.000001	119.950266
2.339998	200.000001	130.609555
2.346665	200.000001	141.268844
2.353331	200.000001	151.938364
2.359998	200.000001	162.587435
2.366665	200.000001	173.236506
2.373331	200.000001	183.895808
2.379998	200.000001	194.544879
2.386665	200.000001	205.193950
2.393331	200.000001	215.853239
2.399998	200.000001	226.492092
2.406665	200.000001	237.161599
2.413331	200.000001	247.800465
2.419998	200.000001	258.459768
2.426665	200.000001	269.119043
2.433331	200.000001	279.788563
2.439998	200.000001	290.417185
2.446665	200.000001	301.096923
2.453331	200.000001	311.756226
2.459998	200.000001	322.415528
2.466665	200.000001	333.074803
2.473331	200.000001	343.744324
2.479998	200.000001	354.403626
2.486665	200.000001	4.312773
2.493331	200.000001	14.951626
2.499998	200.000001	25.621139
2.506665	200.000001	36.290653
2.513331	200.000001	46.960167
2.519998	200.000001	57.609237
2.526664	-200.000001	68.258315
2.533331	-200.000001	76.291109
2.539998	-200.000001	81.799602
2.546664	-200.000001	85.519624
2.553331	-200.000001	86.255454
2.559998	-200.000001	84.845115
2.566664	-200.000001	81.860917
2.573331	-200.000001	77.691223
2.579998	-200.000001	72.622184
2.586664	-200.000001	66.858195
2.593331	-200.000001	60.552550
2.599998	-200.000001	53.848337
2.606664	-200.000001	46.817088
2.613331	-200.000001	39.520123
2.619998	-200.000001	32.039198
2.626664	-200.000001	24.394758
2.633331	-200.000001	16.648120
2.639998	-200.000001	8.789063
2.646664	-200.000001	-0.010220
2.653331	-200.000001	-8.012355
2.659998	-200.000001	-16.055369
2.666664	-200.000001	-24.159702
2.673331	-200.000001	-32.264034
2.679998	-200.000001	-40.419468
2.686664	-200.000001	-48.605559
2.693331	-200.000001	-56.801871
2.699998	-200.000001	-65.008402
2.706664	-200.000001	-73.266032
2.713331	-200.000001	-81.493002
2.719998	-200.000001	-89.740414
2.726664	-200.000001	-97.987827
2.733331	-200.000001	-106.255675
2.739998	-200.000001	-114.513306
2.746664	-200.000001	-122.801597
2.753331	-200.000001	-131.079663
2.759998	-200.000001	-139.357743
2.766664	-200.000001	-147.646027
2.773331	-200.000001	-155.924107
2.779998	-200.000001	-164.202174
2.786664	-200.000001	-172.500676
2.793331	-200.000001	-180.799192
2.799998	-200.000001	-189.097708
2.806664	-200.000001	-197.385992
2.813331	-200.000001	-205.684508
2.819998	-200.000001	-213.993228
2.826664	-200.000001	-222.301962
2.833331	-200.000001	-230.590246
2.839998	-200.000001	-238.898980
2.846664	-200.000001	-247.197496
2.853331	-200.000001	-255.516448
2.859998	-200.000001	-263.804746
2.866664	-200.000001	-272.113452
2.873331	-200.000001	-280.411968
2.879997	-200.000001	-288.720702
2.886664	-200.000001	-297.049872
2.893331	-200.000001	-305.358606
2.899997	-200.000001	-313.636686
2.906664	-200.000001	-321.935175
2.913331	-200.000001	-330.243908
2.919997	-200.000001	-338.542424
2.926664	-200.000001	-346.830722
2.933331	-200.000001	-355.129211
2.939997	-200.000001	-2.514081
2.946664	-200.000001	-10.802371
2.953331	-200.000001	-19.100882
2.959997	-200.000001	-27.399391
2.966664	-200.000001	-35.708120
2.973331	-200.000001	-44.006632
2.979997	-200.000001	-52.305141
2.986664	-200.000001	-60.613872
2.993331	-200.000001	-68.912381
2.999997	-200.000001	-77.190454
3.006664	-200.000001	-85.488963
3.013331	-200.000001	-93.787472
3.019997	-200.000001	-102.085981
3.026664	-200.000001	-110.384490
3.033331	200.000001	-118.662570
3.039997	200.000001	-124.579850
3.046664	200.000001	-128.678005
3.053331	200.000001	-133.665286
3.059997	200.000001	-139.378179
3.066664	200.000001	-144.212163
3.073331	200.000001	-146.072174
3.079997	200.000001	-144.764029
3.086664	200.000001	-141.125778
3.093331	200.000001	-135.780800
3.099997	200.000001	-129.148113
3.106664	200.000001	-121.513901
3.113331	200.000001	-113.092749
3.119997	200.000001	-104.099289
3.126664	200.000001	-94.594842
3.133331	200.000001	-84.722472
3.139997	200.000001	-74.523074
3.146664	200.000001	-64.068178
3.153331	200.000001	-53.429326
3.159997	200.000001	-42.770030
3.166664	200.000001	-32.110738
3.173331	200.000001	-21.431004
3.179997	200.000001	-10.751272
3.186664	200.000001	0.572311
3.193331	200.000001	11.252044
3.199997	200.000001	21.921557
3.206664	200.000001	32.601289
3.213331	200.000001	43.270802
3.219997	200.000001	53.950537
3.226664	200.000001	64.630269
3.233330	200.000001	75.310000
3.239997	200.000001	85.999957
3.246664	200.000001	96.689906
3.253330	200.000001	107.349202
3.259997	200.000001	118.028934
3.266664	200.000001	128.708672
3.273330	200.000001	139.378179
3.279997	200.000001	150.017032
3.286664	200.000001	160.696770
3.293330	200.000001	171.366277
3.299997	200.000001	182.025566
3.306664	200.000001	192.695086
3.313330	200.000001	203.344157
3.319997	200.000001	214.023896
3.326664	200.000001	224.683185
3.333330	200.000001	235.373127
3.339997	200.000001	246.022212
3.346664	200.000001	256.691732
3.353330	200.000001	267.361225
3.359997	200.000001	278.010310
3.366664	200.000001	288.700266
3.373330	200.000001	299.359569
3.379997	200.000001	310.029062
3.386664	200.000001	320.708800
3.393330	200.000001	331.357885
3.399997	200.000001	342.027378
3.406664	200.000001	352.717334
3.413330	200.000001	2.544740
3.419997	200.000001	13.224473
3.426664	200.000001	23.904206
3.433330	200.000001	34.553278
3.439997	200.000001	45.222792
3.446664	200.000001	55.902527
3.453330	200.000001	66.572037
3.459997	200.000001	77.241551
3.466664	200.000001	87.921282
3.473330	200.000001	98.590796
3.479997	200.000001	109.260310
3.486664	200.000001	119.950266
3.493330	200.000001	130.619773
3.499997	200.000001	141.289293
3.506664	200.000001	151.979236
3.513330	200.000001	162.648756
3.519997	200.000001	173.328495
3.526664	200.000001	184.008220
3.533330	-200.000001	194.698176
3.539997	-200.000001	202.751406
3.546664	-200.000001	208.852650
3.553330	-200.000001	216.047421
3.559997	-200.000001	221.453721
3.566664	-200.000001	223.252410
3.573330	-200.000001	222.639223
3.579997	-200.000001	220.258001
3.586663	-200.000001	216.558415
3.593330	-200.000001	211.857291
3.599997	-200.000001	206.359016
3.606663	-200.000001	200.267990
3.613330	-200.000001	193.747728
3.619997	-200.000001	186.849332
3.626663	-200.000001	179.675011
3.633330	-200.000001	172.296289
3.639997	-200.000001	164.723385
3.646663	-200.000001	157.027839
3.653330	-200.000001	149.240330
3.659997	-200.000001	141.350615
3.666663	-200.000001	133.379128
3.673330	-200.000001	125.356566
3.679997	-200.000001	117.303322
3.686663	-200.000001	109.198995
3.693330	-200.000001	101.064001
3.699997	-200.000001	92.898345
3.706663	-200.000001	84.722472
3.713330	-200.000001	76.526163
3.719997	-200.000001	68.319630
3.726663	-200.000001	60.092660
3.733330	-200.000001	51.855469
3.739997	-200.000001	43.608057
3.746663	-200.000001	35.370865
3.753330	-200.000001	27.113235
3.759997	-200.000001	18.845385
3.766663	-200.000001	10.557095
3.773330	-200.000001	2.309684
3.779997	-200.000001	-6.785974
3.786663	-200.000001	-15.064044
3.793330	-200.000001	-23.342115
3.799997	-200.000001	-31.620187
3.806663	-200.000001	-39.898256
3.813330	-200.000001	-48.186547
3.819997	-200.000001	-56.474835
3.826663	-200.000001	-64.773348
3.833330	-200.000001	-73.041196
3.839997	-200.000001	-81.319269
3.846663	-200.000001	-89.617778
3.853330	-200.000001	-97.895851
3.859997	-200.000001	-106.184136
3.866663	-200.000001	-114.472427
3.873330	-200.000001	-122.750493
3.879997	-200.000001	-131.049009
3.886663	-200.000001	-139.357743
3.893330	-200.000001	-147.646027
3.899997	-200.000001	-155.944543
3.906663	-200.000001	-164.232827
3.913330	-200.000001	-172.541561
3.919997	-200.000001	-180.819628
3.926663	-200.000001	-189.118144
3.933330	-200.000001	-197.416646
3.939996	-200.000001	-205.715162
3.946663	-200.000001	-214.023896
3.953330	-200.000001	-222.312180
3.959996	-200.000001	-230.600464
3.966663	-200.000001	-238.909198
3.973330	-200.000001	-247.187278
3.979996	-200.000001	-255.496012
3.986663	-200.000001	-263.804746
3.993330	-200.000001	-272.093017
3.999996	-200.000001	-280.391532
4.006663	-200.000001	-288.690048
4.013330	-200.000001	-297.019218
4.019997	-200.000001	-305.307516
4.026663	-200.000001	-313.606005
4.033330	-200.000001	-321.894303
4.039997	200.000001	-330.192819
4.046663	200.000001	-336.130548
4.053330	200.000001	-340.238907
4.059997	200.000001	-345.267073
4.066663	200.000001	-350.979980
4.073330	200.000001	-357.265175
4.079997	200.000001	-2.749137
4.086663	200.000001	-9.759948
4.093330	200.000001	-17.036474
4.099997	200.000001	-24.507176
4.106663	200.000001	-32.141398
4.113330	200.000001	-39.877817
4.119997	200.000001	-47.726654
4.126663	200.000001	-55.647030
4.133330	200.000001	-63.628724
4.139997	200.000001	-71.681961
4.146663	200.000001	-79.765852
4.153330	200.000001	-87.880404
4.159997	200.000001	-95.136489
4.166663	200.000001	-99.449262
4.173330	200.000001	-99.970474
4.179996	200.000001	-97.691451
4.186663	200.000001	-93.348018
4.193330	200.000001	-87.492053
4.199996	200.000001	-80.440360
4.206663	200.000001	-72.509766
4.213330	200.000001	-63.863778
4.219996	200.000001	-54.655706
4.226663	200.000001	-44.997956
4.233330	200.000001	-34.962072
4.239996	200.000001	-24.660475
4.246663	200.000001	-14.021620
4.253330	200.000001	-3.484965
4.259996	200.000001	7.542242
4.266663	200.000001	18.201535
4.273330	200.000001	28.809728
4.279996	200.000001	39.448584
4.286663	200.000001	50.087437
4.293330	200.000001	60.736508
4.299996	200.000001	71.385586
4.306663	200.000001	82.024438
4.313330	200.000001	92.683727
4.319996	200.000001	103.322580
4.326663	200.000001	113.992094
4.333330	200.000001	124.641172
4.339996	200.000001	135.290242
4.346663	200.000001	145.959763
4.353330	200.000001	156.588384
4.359996	200.000001	167.247687
4.366663	200.000001	177.917193
4.373330	200.000001	188.566264
4.379996	200.000001	199.205117
4.386663	200.000001	209.864420
4.393330	200.000001	220.523709
4.399996	200.000001	231.152344
4.406663	200.000001	241.811646
4.413330	200.000001	252.470921
4.419996	200.000001	263.120006
4.426663	200.000001	273.799744
4.433330	200.000001	284.428365
4.439996	200.000001	295.097886
4.446663	200.000001	305.757188
4.453330	200.000001	316.416464
4.459996	200.000001	327.085984
4.466663	200.000001	337.735069
4.473330	200.000001	348.414780
4.479996	200.000001	359.074082
4.486663	200.000001	9.044559
4.493330	200.000001	19.714072
4.499996	200.000001	30.383584
4.506663	200.000001	41.042877
4.513330	200.000001	51.691951
4.519996	200.000001	62.361464
4.526663	200.000001	73.010535
4.533329	200.000001	83.680049
4.539996	-200.000001	94.329127
4.546663	-200.000001	102.392575
4.553329	-200.000001	105.806003
4.559996	-200.000001	105.989960
4.566663	-200.000001	104.191271
4.573329	-200.000001	100.910704
4.579996	-200.000001	96.516167
4.586663	-200.000001	91.263171
4.593329	-200.000001	85.376545
4.599996	-200.000001	78.968707
4.606663	-200.000001	72.162294
4.613329	-200.000001	65.090159
4.619996	-200.000001	57.742098
4.626663	-200.000001	50.220294
4.633329	-200.000001	42.555415
4.639996	-200.000001	34.778114
4.646663	-200.000001	26.898619
4.653329	-200.000001	18.947583
4.659996	-200.000001	10.925009
4.666663	-200.000001	2.851335
4.673329	-200.000001	-6.142124
4.679996	-200.000001	-14.287337
4.686663	-200.000001	-22.452988
4.693329	-200.000001	-30.639081
4.699996	-200.000001	-38.845611
4.706663	-200.000001	-47.072585
4.713329	-200.000001	-55.309776
4.719996	-200.000001	-63.546967
4.726663	-200.000001	-71.814815
4.733329	-200.000001	-80.072445
4.739996	-200.000001	-88.340301
4.746663	-200.000001	-96.628585
4.753329	-200.000001	-104.896440
4.759996	-200.000001	-113.184731
4.766663	-200.000001	-121.462798
4.773329	-200.000001	-129.751096
4.779996	-200.000001	-138.059816
4.786663	-200.000001	-146.337896
4.793329	-200.000001	-154.646616
4.799996	-200.000001	-162.924696
4.806663	-200.000001	-171.223198
4.813329	-200.000001	-179.531932
4.819996	-200.000001	-187.809998
4.826663	-200.000001	-196.128950
4.833329	-200.000001	-204.427466
4.839996	-200.000001	-212.736186
4.846663	-200.000001	-221.034702
4.853329	-200.000001	-229.343436
4.859996	-200.000001	-237.652170
4.866663	-200.000001	-245.971122
4.873329	-200.000001	-254.279829
4.879996	-200.000001	-262.578344
4.886662	-200.000001	-270.887078
4.893329	-200.000001	-279.206030
4.899996	-200.000001	-287.484110
4.906662	-200.000001	-295.813280
4.913329	-200.000001	-304.111796
4.919996	-200.000001	-312.420502
4.926662	-200.000001	-320.698582
4.933329	-200.000001	-329.017534
4.939996	-200.000001	-337.316050
4.946662	-200.000001	-345.635002
4.953329	-200.000001	-353.933491
4.959996	-200.000001	-1.359239
4.966662	-200.000001	-9.667969
4.973329	-200.000001	-17.966480
4.979996	-200.000001	-26.264989
4.986662	-200.000001	-34.583939
4.993329	-200.000001	-42.882448
4.999996	-200.000001	-51.180960
5.006662	-200.000001	-59.489691
5.013329	-200.000001	-67.777982
5.019996	-200.000001	-76.076491
5.026662	-200.000001	-84.385218
5.033329	-200.000001	-92.693952
5.039996	-200.000001	-100.992461
5.046662	200.000001	-109.290970
5.053329	200.000001	-115.208257
5.059996	200.000001	-119.306411
5.066662	200.000001	-124.314128
5.073329	200.000001	-130.047471
5.079996	200.000001	-136.302012
5.086662	200.000001	-142.822261
5.093329	200.000001	-147.165701
5.099996	200.000001	-147.717567
5.106662	200.000001	-145.448769
5.113329	200.000001	-141.115547
5.119996	200.000001	-135.239139
5.126662	200.000001	-128.197678
5.133329	200.000001	-120.215974
5.139996	200.000001	-111.590435
5.146662	200.000001	-102.372139
5.153329	200.000001	-92.714388
5.159996	200.000001	-82.709165
5.166662	200.000001	-72.376906
5.173329	200.000001	-61.830035
5.179996	200.000001	-51.140078
5.186662	200.000001	-40.439907
5.193329	200.000001	-29.760176
5.199996	200.000001	-19.070221
5.206662	200.000001	-8.370049
5.213329	200.000001	3.014853
5.219995	200.000001	13.704805
5.226662	200.000001	24.425417
5.233329	200.000001	35.105151
5.239995	200.000001	45.815543
5.246662	200.000001	56.495275
5.253329	200.000001	67.175006
5.259995	200.000001	77.844520
5.266662	200.000001	88.554912
5.273329	200.000001	99.234650
5.279995	200.000001	109.914382
5.286662	200.000001	120.594107
5.293329	200.000001	131.284063
5.299995	200.000001	141.953584
5.306662	200.000001	152.633308
5.313329	200.000001	163.313047
5.319995	200.000001	174.003003
5.326662	200.000001	184.682728
5.333329	200.000001	195.352249
5.339995	200.000001	206.021755
5.346662	200.000001	216.711712
5.353329	200.000001	227.371001
5.359995	200.000001	238.050725
5.366662	200.000001	248.710028
5.373329	200.000001	259.410202
5.379995	200.000001	270.059287
5.386662	200.000001	280.728780
5.393329	200.000001	291.418736
5.399995	200.000001	302.088257
5.406662	200.000001	312.767995
5.413329	200.000001	323.437488
5.419995	200.000001	334.086573
5.426662	200.000001	344.786747
5.433329	200.000001	355.456268
5.439995	200.000001	5.293877
5.446662	200.000001	15.963390
5.453329	200.000001	26.653343
5.459995	200.000001	37.312637
5.466662	200.000001	48.012808
5.473329	200.000001	58.682322
5.479995	200.000001	69.341617
5.486662	200.000001	80.041785
5.493329	200.000001	90.711298
5.499995	200.000001	101.391037
5.506662	200.000001	112.091204
5.513329	200.000001	122.770943
5.519995	200.000001	133.430232
5.526662	200.000001	144.130406
5.533329	200.000001	154.799913
5.539995	200.000001	165.479651
5.546662	-200.000001	176.179826
5.553329	-200.000001	184.263723
5.559995	-200.000001	190.375185
5.566662	-200.000001	197.580174
5.573328	-200.000001	204.345709
5.579995	-200.000001	208.331438
5.586662	-200.000001	209.210347
5.593328	-200.000001	207.891984
5.599995	-200.000001	204.969114
5.606662	-200.000001	200.840292
5.613328	-200.000001	195.812139
5.619995	-200.000001	190.078810
5.626662	-200.000001	183.793601
5.633328	-200.000001	177.099606
5.639995	-200.000001	170.099017
5.646662	-200.000001	162.812271
5.653328	-200.000001	155.362010
5.659995	-200.000001	147.738003
5.666662	-200.000001	139.981148
5.673328	-200.000001	132.142536
5.679995	-200.000001	124.201717
5.686662	-200.000001	116.209808
5.693328	-200.000001	108.166789
5.699995	-200.000001	100.082892
5.706662	-200.000001	91.968340
5.713328	-200.000001	83.812910
5.719995	-200.000001	75.647255
5.726662	-200.000001	67.450946
5.733328	-200.000001	59.234194
5.739995	-200.000001	51.027660
5.746662	-200.000001	42.770030
5.753328	-200.000001	34.543060
5.759995	-200.000001	26.295649
5.766662	-200.000001	18.027798
5.773328	-200.000001	9.749727
5.779995	-200.000001	1.502317
5.786662	-200.000001	-7.756859
5.793328	-200.000001	-16.045149
5.799995	-200.000001	-24.302780
5.806662	-200.000001	-32.601289
5.813328	-200.000001	-40.879362
5.819995	-200.000001	-49.167649
5.826662	-200.000001	-57.466159
5.833328	-200.000001	-65.744232
5.839995	-200.000001	-74.022305
5.846662	-200.000001	-82.331032
5.853328	-200.000001	-90.609105
5.859995	-200.000001	-98.897389
5.866662	-200.000001	-107.195905
5.873328	-200.000001	-115.473978
5.879995	-200.000001	-123.762263
5.886662	-200.000001	-132.070997
5.893328	-200.000001	-140.379731
5.899995	-200.000001	-148.668015
5.906662	-200.000001	-156.966531
5.913328	-200.000001	-165.265033
5.919995	-200.000001	-173.563549
5.926661	-200.000001	-181.862051
5.933328	-200.000001	-190.150349
5.939995	-200.000001	-198.459069
5.946661	-200.000001	-206.767803
5.953328	-200.000001	-215.066319
5.959995	-200.000001	-223.354603
5.966661	-200.000001	-231.653106
5.973328	-200.000001	-239.961840
5.979995	-200.000001	-248.260355
5.986661	-200.000001	-256.558871
5.993328	-200.000001	-264.867605
5.999995	-200.000001	-273.166094
