0.006667	50.000000	0.051099
0.013333	50.000000	1.165062
0.020000	50.000000	3.832440
0.026667	50.000000	7.583121
0.033333	50.000000	12.049191
0.040000	50.000000	16.975155
0.046667	50.000000	22.115734
0.053333	50.000000	27.215433
0.060000	50.000000	32.028980
0.066667	50.000000	36.454171
0.073333	50.000000	40.388807
0.080000	50.000000	43.802235
0.086667	50.000000	46.674009
0.093333	50.000000	48.983692
0.100000	50.000000	50.772167
0.106667	50.000000	52.080305
0.113333	50.000000	52.969432
0.120000	50.000000	53.480422
0.126667	50.000000	53.684819
0.133333	50.000000	53.654162
0.140000	50.000000	53.500862
0.146667	50.000000	53.245368
0.153333	50.000000	52.918332
0.160000	50.000000	52.570856
0.166667	50.000000	52.202945
0.173333	50.000000	51.845248
0.180000	50.000000	51.507993
0.186667	50.000000	51.211618
0.193333	50.000000	50.945903
0.200000	50.000000	50.721067
0.206667	50.000000	50.537109
0.213333	50.000000	50.394030
0.220000	50.000000	50.291834
0.226667	50.000000	50.220294
0.233333	50.000000	50.169194
0.240000	50.000000	50.138537
0.246667	50.000000	50.138537
0.253333	50.000000	50.138537
0.260000	50.000000	50.138537
0.266667	50.000000	50.138537
0.273333	50.000000	50.138537
0.280000	50.000000	50.138537
0.286667	50.000000	50.138537
0.293333	50.000000	50.138537
0.300000	50.000000	50.138537
0.306667	50.000000	50.138537
0.313333	50.000000	50.138537
0.320000	50.000000	50.138537
0.326667	50.000000	50.138537
0.333333	50.000000	50.138537
0.340000	50.000000	50.138537
0.346666	50.000000	50.138537
0.353333	50.000000	50.138537
0.360000	50.000000	50.138537
0.366666	50.000000	50.138537
0.373333	50.000000	50.138537
0.380000	50.000000	50.138537
0.386666	50.000000	50.138537
0.393333	50.000000	50.138537
0.400000	50.000000	50.138537
0.406666	50.000000	50.138537
0.413333	50.000000	50.138537
0.420000	50.000000	50.138537
0.426666	50.000000	50.138537
0.433333	50.000000	50.138537
0.440000	50.000000	50.138537
0.446666	50.000000	50.138537
0.453333	50.000000	50.138537
0.460000	50.000000	50.138537
0.466666	50.000000	50.138537
0.473333	50.000000	50.138537
0.480000	50.000000	50.138537
0.486666	50.000000	50.138537
0.493333	50.000000	50.138537
0.500000	50.000000	50.138537
0.506666	50.000000	50.138537
0.513333	-50.000000	50.138537
0.520000	-50.000000	49.167649
0.526666	-50.000000	46.541151
0.533333	-50.000000	42.698490
0.540000	-50.000000	37.925827
0.546666	-50.000000	32.437774
0.553333	-50.000000	26.408068
0.560000	-50.000000	19.918469
0.566666	-50.000000	13.091615
0.573333	-50.000000	6.019486
0.580000	-50.000000	-1.338799
0.586666	-50.000000	-8.758403
0.593333	-50.000000	-16.086028
0.600000	-50.000000	-23.086618
0.606666	-50.000000	-29.606876
0.613333	-50.000000	-35.473066
0.620000	-50.000000	-40.634083
0.626666	-50.000000	-45.038834
0.633333	-50.000000	-48.656659
0.640000	-50.000000	-51.528433
0.646666	-50.000000	-53.684819
0.653333	-50.000000	-55.187136
0.660000	-50.000000	-56.137581
0.666666	-50.000000	-56.587253
0.673333	-50.000000	-56.638353
0.680000	-50.000000	-56.372638
0.686666	-50.000000	-55.871866
0.693333	-50.000000	-55.187136
0.700000	-50.000000	-54.349110
0.706666	-50.000000	-53.449765
0.713333	-50.000000	-52.632178
0.719999	-50.000000	-51.937226
0.726666	-50.000000	-51.375136
0.733333	-50.000000	-50.925464
0.739999	-50.000000	-50.577988
0.746666	-50.000000	-50.332712
0.753333	-50.000000	-50.169194
0.759999	-50.000000	-50.077216
0.766666	-50.000000	-50.046558
0.773333	-50.000000	-50.046558
0.779999	-50.000000	-50.046558
0.786666	-50.000000	-50.046558
0.793333	-50.000000	-50.046558
0.799999	-50.000000	-50.046558
0.806666	-50.000000	-50.046558
0.813333	-50.000000	-50.046558
0.819999	-50.000000	-50.046558
0.826666	-50.000000	-50.046558
0.833333	-50.000000	-50.046558
0.839999	-50.000000	-50.046558
0.846666	-50.000000	-50.046558
0.853333	-50.000000	-50.046558
0.859999	-50.000000	-50.046558
0.866666	-50.000000	-50.046558
0.873333	-50.000000	-50.046558
0.879999	-50.000000	-50.046558
0.886666	-50.000000	-50.046558
0.893333	-50.000000	-50.046558
0.899999	-50.000000	-50.046558
0.906666	-50.000000	-50.046558
0.913333	-50.000000	-50.046558
0.919999	-50.000000	-50.046558
0.926666	-50.000000	-50.046558
0.933333	-50.000000	-50.046558
0.939999	-50.000000	-50.046558
0.946666	-50.000000	-50.046558
0.953333	-50.000000	-50.046558
0.959999	-50.000000	-50.046558
0.966666	-50.000000	-50.046558
0.973333	-50.000000	-50.046558
0.979999	-50.000000	-50.046558
0.986666	-50.000000	-50.046558
0.993333	-50.000000	-50.046558
0.999999	-50.000000	-50.046558
1.006666	-50.000000	-50.046558
1.013333	-50.000000	-50.046558
1.019999	50.000000	-50.046558
1.026666	50.000000	-48.728199
1.033333	50.000000	-45.161474
1.039999	50.000000	-39.918696
1.046666	50.000000	-33.398437
1.053333	50.000000	-25.958393
1.059999	50.000000	-17.721202
1.066666	50.000000	-8.901481
1.073333	50.000000	0.725609
1.079999	50.000000	9.800826
1.086666	50.000000	18.395713
1.093333	50.000000	26.305869
1.099999	50.000000	33.377997
1.106666	50.000000	39.489463
1.113333	50.000000	44.609601
1.119999	50.000000	48.769077
1.126666	50.000000	51.998548
1.133332	50.000000	54.369549
1.139999	50.000000	55.994506
1.146666	50.000000	56.944950
1.153332	50.000000	57.353740
1.159999	50.000000	57.333305
1.166666	50.000000	57.016490
1.173332	50.000000	56.495275
1.179999	50.000000	55.841205
1.186666	50.000000	55.115597
1.193332	50.000000	54.369549
1.199999	50.000000	53.633722
1.206666	50.000000	53.010311
1.213332	50.000000	52.560638
1.219999	50.000000	52.274481
1.226666	50.000000	52.100744
1.233332	50.000000	51.916787
1.239999	50.000000	51.702172
1.246666	50.000000	51.477336
1.253332	50.000000	51.272939
1.259999	50.000000	51.078760
1.266666	50.000000	50.905024
1.273332	50.000000	50.751727
1.279999	50.000000	50.629088
1.286666	50.000000	50.516670
1.293332	50.000000	50.424691
1.299999	50.000000	50.363373
1.306666	50.000000	50.302052
1.313332	50.000000	50.271394
1.319999	50.000000	50.240734
1.326666	50.000000	50.230516
1.333332	50.000000	50.230516
1.339999	50.000000	50.230516
1.346666	50.000000	50.230516
1.353332	50.000000	50.230516
1.359999	50.000000	50.230516
1.366666	50.000000	50.230516
1.373332	50.000000	50.230516
1.379999	50.000000	50.230516
1.386666	50.000000	50.230516
1.393332	50.000000	50.230516
1.399999	50.000000	50.230516
1.406666	50.000000	50.230516
1.413332	50.000000	50.230516
1.419999	50.000000	50.230516
1.426666	50.000000	50.230516
1.433332	50.000000	50.230516
1.439999	50.000000	50.230516
1.446666	50.000000	50.230516
1.453332	50.000000	50.230516
1.459999	50.000000	50.230516
1.466666	50.000000	50.230516
1.473332	50.000000	50.230516
1.479999	50.000000	50.230516
1.486665	50.000000	50.230516
1.493332	50.000000	50.230516
1.499999	50.000000	50.230516
1.506665	50.000000	50.230516
1.513332	50.000000	50.230516
1.519999	-50.000000	50.230516
1.526665	-50.000000	49.269850
1.533332	-50.000000	46.653570
1.539999	-50.000000	42.810909
1.546665	-50.000000	38.017806
1.553332	-50.000000	32.539971
1.559999	-50.000000	26.489825
1.566665	-50.000000	20.000227
1.573332	-50.000000	13.173374
1.579999	-50.000000	6.091025
1.586665	-50.000000	-1.716933
1.593332	-50.000000	-9.126317
1.599999	-50.000000	-16.423284
1.606665	-50.000000	-23.413655
1.613332	-50.000000	-29.872594
1.619999	-50.000000	-35.708120
1.626665	-50.000000	-40.838480
1.633332	-50.000000	-45.181913
1.639999	-50.000000	-48.769077
1.646665	-50.000000	-51.599972
1.653332	-50.000000	-53.725701
1.659999	-50.000000	-55.207576
1.666665	-50.000000	-56.137581
1.673332	-50.000000	-56.577035
1.679999	-50.000000	-56.607696
1.686665	-50.000000	-56.331760
1.693332	-50.000000	-55.830987
1.699999	-50.000000	-55.136036
1.706665	-50.000000	-54.287792
1.713332	-50.000000	-53.408883
1.719999	-50.000000	-52.632178
1.726665	-50.000000	-51.967887
1.733332	-50.000000	-51.426236
1.739999	-50.000000	-50.986782
1.746665	-50.000000	-50.649527
1.753332	-50.000000	-50.394030
1.759999	-50.000000	-50.230516
1.766665	-50.000000	-50.128316
1.773332	-50.000000	-50.087437
1.779999	-50.000000	-50.087437
1.786665	-50.000000	-50.087437
1.793332	-50.000000	-50.087437
1.799999	-50.000000	-50.087437
1.806665	-50.000000	-50.087437
1.813332	-50.000000	-50.087437
1.819999	-50.000000	-50.087437
1.826665	-50.000000	-50.087437
1.833332	-50.000000	-50.087437
1.839998	-50.000000	-50.087437
1.846665	-50.000000	-50.087437
1.853332	-50.000000	-50.087437
1.859998	-50.000000	-50.087437
1.866665	-50.000000	-50.087437
1.873332	-50.000000	-50.087437
1.879998	-50.000000	-50.087437
1.886665	-50.000000	-50.087437
1.893332	-50.000000	-50.087437
1.899998	-50.000000	-50.087437
1.906665	-50.000000	-50.087437
1.913332	-50.000000	-50.087437
1.919998	-50.000000	-50.087437
1.926665	-50.000000	-50.087437
1.933332	-50.000000	-50.087437
1.939998	-50.000000	-50.087437
1.946665	-50.000000	-50.087437
1.953332	-50.000000	-50.087437
1.959998	-50.000000	-50.087437
1.966665	-50.000000	-50.087437
1.973332	-50.000000	-50.087437
1.979998	-50.000000	-50.087437
1.986665	-50.000000	-50.087437
1.993332	-50.000000	-50.087437
1.999998	-50.000000	-50.087437
2.006665	-50.000000	-50.087437
2.013332	-50.000000	-50.087437
2.019998	-50.000000	-50.087437
2.026665	50.000000	-50.087437
2.033332	50.000000	-48.769077
2.039998	50.000000	-45.202352
2.046665	50.000000	-39.959574
2.053332	50.000000	-33.459758
2.059998	50.000000	-25.999274
2.066665	50.000000	-17.762083
2.073332	50.000000	-8.952580
2.079998	50.000000	0.735828
2.086665	50.000000	9.790607
2.093332	50.000000	18.385493
2.099998	50.000000	26.316089
2.106665	50.000000	33.367779
2.113332	50.000000	39.469023
2.119998	50.000000	44.599383
2.126665	50.000000	48.738417
2.133332	50.000000	51.967887
2.139998	50.000000	54.349110
2.146665	50.000000	55.974063
2.153332	50.000000	56.934729
2.159998	50.000000	57.343523
2.166665	50.000000	57.323087
2.173331	50.000000	57.016490
2.179998	50.000000	56.505496
2.186665	50.000000	55.861645
2.193331	50.000000	55.136036
2.199998	50.000000	54.389988
2.206665	50.000000	53.664380
2.213331	50.000000	53.030750
2.219998	50.000000	52.581078
2.226665	50.000000	52.284702
2.233331	50.000000	52.110966
2.239998	50.000000	51.916787
2.246665	50.000000	51.712390
2.253331	50.000000	51.497775
2.259998	50.000000	51.283157
2.266665	50.000000	51.088982
2.273331	50.000000	50.915242
2.279998	50.000000	50.761945
2.286665	50.000000	50.629088
2.293331	50.000000	50.526888
2.299998	50.000000	50.434913
2.306665	50.000000	50.363373
2.313331	50.000000	50.302052
2.319998	50.000000	50.261173
2.326665	50.000000	50.240734
2.333331	50.000000	50.240734
2.339998	50.000000	50.240734
2.346665	50.000000	50.240734
2.353331	50.000000	50.240734
2.359998	50.000000	50.240734
2.366665	50.000000	50.240734
2.373331	50.000000	50.240734
2.379998	50.000000	50.240734
2.386665	50.000000	50.240734
2.393331	50.000000	50.240734
2.399998	50.000000	50.240734
2.406665	50.000000	50.240734
2.413331	50.000000	50.240734
2.419998	50.000000	50.240734
2.426665	50.000000	50.240734
2.433331	50.000000	50.240734
2.439998	50.000000	50.240734
2.446665	50.000000	50.240734
2.453331	50.000000	50.240734
2.459998	50.000000	50.240734
2.466665	50.000000	50.240734
2.473331	50.000000	50.240734
2.479998	50.000000	50.240734
2.486665	50.000000	50.240734
2.493331	50.000000	50.240734
2.499998	50.000000	50.240734
2.506665	50.000000	50.240734
2.513331	50.000000	50.240734
2.519998	50.000000	50.240734
2.526664	-50.000000	50.240734
2.533331	-50.000000	49.280068
2.539998	-50.000000	46.684230
2.546664	-50.000000	42.841569
2.553331	-50.000000	38.058685
2.559998	-50.000000	32.560410
2.566664	-50.000000	26.520486
2.573331	-50.000000	20.051327
2.579998	-50.000000	13.234693
2.586664	-50.000000	6.152344
2.593331	-50.000000	-1.665834
2.599998	-50.000000	-9.075218
2.606664	-50.000000	-16.392623
2.613331	-50.000000	-23.342115
2.619998	-50.000000	-29.821494
2.626664	-50.000000	-35.646802
2.633331	-50.000000	-40.777162
2.639998	-50.000000	-45.141034
2.646664	-50.000000	-48.728199
2.653331	-50.000000	-51.559093
2.659998	-50.000000	-53.695040
2.666664	-50.000000	-55.197358
2.673331	-50.000000	-56.127363
2.679998	-50.000000	-56.577035
2.686664	-50.000000	-56.607696
2.693331	-50.000000	-56.341978
2.699998	-50.000000	-55.841205
2.706664	-50.000000	-55.146258
2.713331	-50.000000	-54.308231
2.719998	-50.000000	-53.429326
2.726664	-50.000000	-52.632178
2.733331	-50.000000	-51.967887
2.739998	-50.000000	-51.416015
2.746664	-50.000000	-50.966342
2.753331	-50.000000	-50.618867
2.759998	-50.000000	-50.373591
2.766664	-50.000000	-50.199855
2.773331	-50.000000	-50.107876
2.779998	-50.000000	-50.056776
2.786664	-50.000000	-50.056776
2.793331	-50.000000	-50.056776
2.799998	-50.000000	-50.056776
2.806664	-50.000000	-50.056776
2.813331	-50.000000	-50.056776
2.819998	-50.000000	-50.056776
2.826664	-50.000000	-50.056776
2.833331	-50.000000	-50.056776
2.839998	-50.000000	-50.056776
2.846664	-50.000000	-50.056776
2.853331	-50.000000	-50.056776
2.859998	-50.000000	-50.056776
2.866664	-50.000000	-50.056776
2.873331	-50.000000	-50.056776
2.879997	-50.000000	-50.056776
2.886664	-50.000000	-50.056776
2.893331	-50.000000	-50.056776
2.899997	-50.000000	-50.056776
2.906664	-50.000000	-50.056776
2.913331	-50.000000	-50.056776
2.919997	-50.000000	-50.056776
2.926664	-50.000000	-50.056776
2.933331	-50.000000	-50.056776
2.939997	-50.000000	-50.056776
2.946664	-50.000000	-50.056776
2.953331	-50.000000	-50.056776
2.959997	-50.000000	-50.056776
2.966664	-50.000000	-50.056776
2.973331	-50.000000	-50.056776
2.979997	-50.000000	-50.056776
2.986664	-50.000000	-50.056776
2.993331	-50.000000	-50.056776
2.999997	-50.000000	-50.056776
3.006664	-50.000000	-50.056776
3.013331	-50.000000	-50.056776
3.019997	-50.000000	-50.056776
3.026664	-50.000000	-50.056776
3.033331	50.000000	-50.056776
3.039997	50.000000	-48.738417
3.046664	50.000000	-45.171692
3.053331	50.000000	-39.928914
3.059997	50.000000	-33.429097
3.066664	50.000000	-25.968613
3.073331	50.000000	-17.741642
3.079997	50.000000	-8.932141
3.086664	50.000000	0.746048
3.093331	50.000000	9.800826
3.099997	50.000000	18.395713
3.106664	50.000000	26.316089
3.113331	50.000000	33.357558
3.119997	50.000000	39.469023
3.126664	50.000000	44.589162
3.133331	50.000000	48.738417
3.139997	50.000000	51.957666
3.146664	50.000000	54.338892
3.153331	50.000000	55.963845
3.159997	50.000000	56.924511
3.166664	50.000000	57.343523
3.173331	50.000000	57.323087
3.179997	50.000000	57.016490
3.186664	50.000000	56.505496
3.193331	50.000000	55.861645
3.199997	50.000000	55.136036
3.206664	50.000000	54.389988
3.213331	50.000000	53.654162
3.219997	50.000000	53.030750
3.226664	50.000000	52.570856
3.233330	50.000000	52.284702
3.239997	50.000000	52.110966
3.246664	50.000000	51.927008
3.253330	50.000000	51.702172
3.259997	50.000000	51.487554
3.266664	50.000000	51.283157
3.273330	50.000000	51.088982
3.279997	50.000000	50.915242
3.286664	50.000000	50.761945
3.293330	50.000000	50.629088
3.299997	50.000000	50.516670
3.306664	50.000000	50.434913
3.313330	50.000000	50.363373
3.319997	50.000000	50.302052
3.326664	50.000000	50.271394
3.333330	50.000000	50.250955
3.339997	50.000000	50.240734
3.346664	50.000000	50.240734
3.353330	50.000000	50.240734
3.359997	50.000000	50.240734
3.366664	50.000000	50.240734
3.373330	50.000000	50.240734
3.379997	50.000000	50.240734
3.386664	50.000000	50.240734
3.393330	50.000000	50.240734
3.399997	50.000000	50.240734
3.406664	50.000000	50.240734
3.413330	50.000000	50.240734
3.419997	50.000000	50.240734
3.426664	50.000000	50.240734
3.433330	50.000000	50.240734
3.439997	50.000000	50.240734
3.446664	50.000000	50.240734
3.453330	50.000000	50.240734
3.459997	50.000000	50.240734
3.466664	50.000000	50.240734
3.473330	50.000000	50.240734
3.479997	50.000000	50.240734
3.486664	50.000000	50.240734
3.493330	50.000000	50.240734
3.499997	50.000000	50.240734
3.506664	50.000000	50.240734
3.513330	50.000000	50.240734
3.519997	50.000000	50.240734
3.526664	50.000000	50.240734
3.533330	-50.000000	50.240734
3.539997	-50.000000	49.280068
3.546664	-50.000000	46.674009
3.553330	-50.000000	42.821130
3.559997	-50.000000	38.038246
3.566664	-50.000000	32.529753
3.573330	-50.000000	26.489825
3.579997	-50.000000	20.010446
3.586663	-50.000000	13.163154
3.593330	-50.000000	6.091025
3.599997	-50.000000	-1.757812
3.606663	-50.000000	-9.167196
3.613330	-50.000000	-16.464162
3.619997	-50.000000	-23.444314
3.626663	-50.000000	-29.893033
3.633330	-50.000000	-35.728562
3.639997	-50.000000	-40.848701
3.646663	-50.000000	-45.202352
3.653330	-50.000000	-48.769077
3.659997	-50.000000	-51.610193
3.666663	-50.000000	-53.735919
3.673330	-50.000000	-55.217797
3.679997	-50.000000	-56.147802
3.686663	-50.000000	-56.587253
3.693330	-50.000000	-56.617914
3.699997	-50.000000	-56.352199
3.706663	-50.000000	-55.841205
3.713330	-50.000000	-55.146258
3.719997	-50.000000	-54.318449
3.726663	-50.000000	-53.419104
3.733330	-50.000000	-52.632178
3.739997	-50.000000	-51.957666
3.746663	-50.000000	-51.395575
3.753330	-50.000000	-50.956124
3.759997	-50.000000	-50.608649
3.766663	-50.000000	-50.353152
3.773330	-50.000000	-50.189634
3.779997	-50.000000	-50.087437
3.786663	-50.000000	-50.046558
3.793330	-50.000000	-50.036337
3.799997	-50.000000	-50.036337
3.806663	-50.000000	-50.036337
3.813330	-50.000000	-50.036337
3.819997	-50.000000	-50.036337
3.826663	-50.000000	-50.036337
3.833330	-50.000000	-50.036337
3.839997	-50.000000	-50.036337
3.846663	-50.000000	-50.036337
3.853330	-50.000000	-50.036337
3.859997	-50.000000	-50.036337
3.866663	-50.000000	-50.036337
3.873330	-50.000000	-50.036337
3.879997	-50.000000	-50.036337
3.886663	-50.000000	-50.036337
3.893330	-50.000000	-50.036337
3.899997	-50.000000	-50.036337
3.906663	-50.000000	-50.036337
3.913330	-50.000000	-50.036337
3.919997	-50.000000	-50.036337
3.926663	-50.000000	-50.036337
3.933330	-50.000000	-50.036337
3.939996	-50.000000	-50.036337
3.946663	-50.000000	-50.036337
3.953330	-50.000000	-50.036337
3.959996	-50.000000	-50.036337
3.966663	-50.000000	-50.036337
3.973330	-50.000000	-50.036337
3.979996	-50.000000	-50.036337
3.986663	-50.000000	-50.036337
3.993330	-50.000000	-50.036337
3.999996	-50.000000	-50.036337
4.006663	-50.000000	-50.036337
4.013330	-50.000000	-50.036337
4.019997	-50.000000	-50.036337
4.026663	-50.000000	-50.036337
4.033330	-50.000000	-50.036337
4.039997	50.000000	-50.036337
4.046663	50.000000	-48.728199
4.053330	50.000000	-45.171692
4.059997	50.000000	-39.918696
4.066663	50.000000	-33.408658
4.073330	50.000000	-25.968613
4.079997	50.000000	-17.741642
4.086663	50.000000	-8.942360
4.093330	50.000000	0.715389
4.099997	50.000000	9.770167
4.106663	50.000000	18.375273
4.113330	50.000000	26.285428
4.119997	50.000000	33.326897
4.126663	50.000000	39.448584
4.133330	50.000000	44.568723
4.139997	50.000000	48.717977
4.146663	50.000000	51.937226
4.153330	50.000000	54.328670
4.159997	50.000000	55.953623
4.166663	50.000000	56.924511
4.173330	50.000000	57.343523
4.179996	50.000000	57.323087
4.186663	50.000000	57.016490
4.193330	50.000000	56.515717
4.199996	50.000000	55.871866
4.206663	50.000000	55.146258
4.213330	50.000000	54.400210
4.219996	50.000000	53.664380
4.226663	50.000000	53.030750
4.233330	50.000000	52.581078
4.239996	50.000000	52.284702
4.246663	50.000000	52.110966
4.253330	50.000000	51.927008
4.259996	50.000000	51.702172
4.266663	50.000000	51.487554
4.273330	50.000000	51.283157
4.279996	50.000000	51.088982
4.286663	50.000000	50.915242
4.293330	50.000000	50.761945
4.299996	50.000000	50.629088
4.306663	50.000000	50.516670
4.313330	50.000000	50.424691
4.319996	50.000000	50.353152
4.326663	50.000000	50.302052
4.333330	50.000000	50.261173
4.339996	50.000000	50.240734
4.346663	50.000000	50.230516
4.353330	50.000000	50.230516
4.359996	50.000000	50.230516
4.366663	50.000000	50.230516
4.373330	50.000000	50.230516
4.379996	50.000000	50.230516
4.386663	50.000000	50.230516
4.393330	50.000000	50.230516
4.399996	50.000000	50.230516
4.406663	50.000000	50.230516
4.413330	50.000000	50.230516
4.419996	50.000000	50.230516
4.426663	50.000000	50.230516
4.433330	50.000000	50.230516
4.439996	50.000000	50.230516
4.446663	50.000000	50.230516
4.453330	50.000000	50.230516
4.459996	50.000000	50.230516
4.466663	50.000000	50.230516
4.473330	50.000000	50.230516
4.479996	50.000000	50.230516
4.486663	50.000000	50.230516
4.493330	50.000000	50.230516
4.499996	50.000000	50.230516
4.506663	50.000000	50.230516
4.513330	50.000000	50.230516
4.519996	50.000000	50.230516
4.526663	50.000000	50.230516
4.533329	50.000000	50.230516
4.539996	-50.000000	50.230516
4.546663	-50.000000	49.280068
4.553329	-50.000000	46.674009
4.559996	-50.000000	42.831351
4.566663	-50.000000	38.038246
4.573329	-50.000000	32.539971
4.579996	-50.000000	26.510266
4.586663	-50.000000	20.030887
4.593329	-50.000000	13.224473
4.599996	-50.000000	6.152344
4.606663	-50.000000	-1.716933
4.613329	-50.000000	-9.105878
4.619996	-50.000000	-16.413062
4.626663	-50.000000	-23.372774
4.633329	-50.000000	-29.821494
4.639996	-50.000000	-35.657023
4.646663	-50.000000	-40.787383
4.653329	-50.000000	-45.141034
4.659996	-50.000000	-48.728199
4.666663	-50.000000	-51.569315
4.673329	-50.000000	-53.695040
4.679996	-50.000000	-55.197358
4.686663	-50.000000	-56.127363
4.693329	-50.000000	-56.577035
4.699996	-50.000000	-56.607696
4.706663	-50.000000	-56.341978
4.713329	-50.000000	-55.830987
4.719996	-50.000000	-55.136036
4.726663	-50.000000	-54.308231
4.733329	-50.000000	-53.408883
4.739996	-50.000000	-52.611738
4.746663	-50.000000	-51.937226
4.753329	-50.000000	-51.385357
4.759996	-50.000000	-50.945903
4.766663	-50.000000	-50.598427
4.773329	-50.000000	-50.353152
4.779996	-50.000000	-50.189634
4.786663	-50.000000	-50.087437
4.793329	-50.000000	-50.046558
4.799996	-50.000000	-50.046558
4.806663	-50.000000	-50.046558
4.813329	-50.000000	-50.046558
4.819996	-50.000000	-50.046558
4.826663	-50.000000	-50.046558
4.833329	-50.000000	-50.046558
4.839996	-50.000000	-50.046558
4.846663	-50.000000	-50.046558
4.853329	-50.000000	-50.046558
4.859996	-50.000000	-50.046558
4.866663	-50.000000	-50.046558
4.873329	-50.000000	-50.046558
4.879996	-50.000000	-50.046558
4.886662	-50.000000	-50.046558
4.893329	-50.000000	-50.046558
4.899996	-50.000000	-50.046558
4.906662	-50.000000	-50.046558
4.913329	-50.000000	-50.046558
4.919996	-50.000000	-50.046558
4.926662	-50.000000	-50.046558
4.933329	-50.000000	-50.046558
4.939996	-50.000000	-50.046558
4.946662	-50.000000	-50.046558
4.953329	-50.000000	-50.046558
4.959996	-50.000000	-50.046558
4.966662	-50.000000	-50.046558
4.973329	-50.000000	-50.046558
4.979996	-50.000000	-50.046558
4.986662	-50.000000	-50.046558
4.993329	-50.000000	-50.046558
4.999996	-50.000000	-50.046558
5.006662	-50.000000	-50.046558
5.013329	-50.000000	-50.046558
5.019996	-50.000000	-50.046558
5.026662	-50.000000	-50.046558
5.033329	-50.000000	-50.046558
5.039996	-50.000000	-50.046558
5.046662	50.000000	-50.046558
5.053329	50.000000	-48.738417
5.059996	50.000000	-45.181913
5.066662	50.000000	-39.928914
5.073329	50.000000	-33.439315
5.079996	50.000000	-25.978833
5.086662	50.000000	-17.762083
5.093329	50.000000	-8.962800
5.099996	50.000000	0.705169
5.106662	50.000000	9.749727
5.113329	50.000000	18.334393
5.119996	50.000000	26.264989
5.126662	50.000000	33.326897
5.133329	50.000000	39.417923
5.139996	50.000000	44.548283
5.146662	50.000000	48.707759
5.153329	50.000000	51.937226
5.159996	50.000000	54.328670
5.166662	50.000000	55.953623
5.173329	50.000000	56.924511
5.179996	50.000000	57.343523
5.186662	50.000000	57.333305
5.193329	50.000000	57.016490
5.199996	50.000000	56.505496
5.206662	50.000000	55.861645
5.213329	50.000000	55.136036
5.219995	50.000000	54.389988
5.226662	50.000000	53.654162
5.233329	50.000000	53.020532
5.239995	50.000000	52.570856
5.246662	50.000000	52.274481
5.253329	50.000000	52.110966
5.259995	50.000000	51.916787
5.266662	50.000000	51.702172
5.273329	50.000000	51.487554
5.279995	50.000000	51.272939
5.286662	50.000000	51.078760
5.293329	50.000000	50.915242
5.299995	50.000000	50.761945
5.306662	50.000000	50.629088
5.313329	50.000000	50.516670
5.319995	50.000000	50.434913
5.326662	50.000000	50.363373
5.333329	50.000000	50.302052
5.339995	50.000000	50.261173
5.346662	50.000000	50.240734
5.353329	50.000000	50.230516
5.359995	50.000000	50.220294
5.366662	50.000000	50.220294
5.373329	50.000000	50.220294
5.379995	50.000000	50.220294
5.386662	50.000000	50.220294
5.393329	50.000000	50.220294
5.399995	50.000000	50.220294
5.406662	50.000000	50.220294
5.413329	50.000000	50.220294
5.419995	50.000000	50.220294
5.426662	50.000000	50.220294
5.433329	50.000000	50.220294
5.439995	50.000000	50.220294
5.446662	50.000000	50.220294
5.453329	50.000000	50.220294
5.459995	50.000000	50.220294
5.466662	50.000000	50.220294
5.473329	50.000000	50.220294
5.479995	50.000000	50.220294
5.486662	50.000000	50.220294
5.493329	50.000000	50.220294
5.499995	50.000000	50.220294
5.506662	50.000000	50.220294
5.513329	50.000000	50.220294
5.519995	50.000000	50.220294
5.526662	50.000000	50.220294
5.533329	50.000000	50.220294
5.539995	50.000000	50.220294
5.546662	-50.000000	50.220294
5.553329	-50.000000	49.269850
5.559995	-50.000000	46.663791
5.566662	-50.000000	42.810909
5.573328	-50.000000	38.028024
5.579995	-50.000000	32.529753
5.586662	-50.000000	26.489825
5.593328	-50.000000	20.010446
5.599995	-50.000000	13.193813
5.606662	-50.000000	6.101244
5.613328	-50.000000	-1.686274
5.619995	-50.000000	-9.095658
5.626662	-50.000000	-16.402843
5.633328	-50.000000	-23.362554
5.639995	-50.000000	-29.841933
5.646662	-50.000000	-35.677462
5.653328	-50.000000	-40.818040
5.659995	-50.000000	-45.161474
5.666662	-50.000000	-48.758856
5.673328	-50.000000	-51.589754
5.679995	-50.000000	-53.715480
5.686662	-50.000000	-55.207576
5.693328	-50.000000	-56.137581
5.699995	-50.000000	-56.587253
5.706662	-50.000000	-56.617914
5.713328	-50.000000	-56.352199
5.719995	-50.000000	-55.851427
5.726662	-50.000000	-55.156475
5.733328	-50.000000	-54.318449
5.739995	-50.000000	-53.429326
5.746662	-50.000000	-52.632178
5.753328	-50.000000	-51.957666
5.759995	-50.000000	-51.405797
5.766662	-50.000000	-50.956124
5.773328	-50.000000	-50.608649
5.779995	-50.000000	-50.363373
5.786662	-50.000000	-50.189634
5.793328	-50.000000	-50.097655
5.799995	-50.000000	-50.056776
5.806662	-50.000000	-50.066998
5.813328	-50.000000	-50.066998
5.819995	-50.000000	-50.066998
5.826662	-50.000000	-50.066998
5.833328	-50.000000	-50.066998
5.839995	-50.000000	-50.066998
5.846662	-50.000000	-50.066998
5.853328	-50.000000	-50.066998
5.859995	-50.000000	-50.066998
5.866662	-50.000000	-50.066998
5.873328	-50.000000	-50.066998
5.879995	-50.000000	-50.066998
5.886662	-50.000000	-50.066998
5.893328	-50.000000	-50.066998
5.899995	-50.000000	-50.066998
5.906662	-50.000000	-50.066998
5.913328	-50.000000	-50.066998
5.919995	-50.000000	-50.066998
5.926661	-50.000000	-50.066998
5.933328	-50.000000	-50.066998
5.939995	-50.000000	-50.066998
5.946661	-50.000000	-50.066998
5.953328	-50.000000	-50.066998
5.959995	-50.000000	-50.066998
5.966661	-50.000000	-50.066998
5.973328	-50.000000	-50.066998
5.979995	-50.000000	-50.066998
5.986661	-50.000000	-50.066998
5.993328	-50.000000	-50.066998
5.999995	-50.000000	-50.066998
