0.006667	19.999999	0.265716
0.013333	19.999999	1.696493
0.020000	19.999999	5.334756
0.026667	19.999999	10.679733
0.033333	19.999999	18.365052
0.040000	19.999999	24.905750
0.046667	19.999999	33.245140
0.053333	19.999999	39.591659
0.060000	19.999999	41.942225
0.066667	19.999999	41.768485
0.073333	19.999999	39.704077
0.080000	19.999999	36.270214
0.086667	19.999999	31.753044
0.093333	19.999999	26.377407
0.100000	19.999999	20.449901
0.106667	19.999999	14.001181
0.113333	19.999999	6.980151
0.120000	19.999999	0.061319
0.126667	19.999999	-4.905523
0.133333	19.999999	-5.999046
0.140000	19.999999	-4.210574
0.146667	19.999999	-0.245276
0.153333	19.999999	5.580033
0.160000	19.999999	12.335347
0.166667	19.999999	20.071766
0.173333	19.999999	28.595113
0.180000	19.999999	37.588573
0.186667	19.999999	47.113463
0.193333	19.999999	54.512628
0.200000	19.999999	57.323087
0.206667	19.999999	57.507037
0.213333	19.999999	55.677691
0.220000	19.999999	52.417559
0.226667	19.999999	48.023029
0.233333	19.999999	42.729151
0.240000	19.999999	36.903843
0.246667	19.999999	30.506224
0.253333	19.999999	23.658930
0.260000	19.999999	16.637900
0.266667	19.999999	9.310274
0.273333	19.999999	1.614735
0.280000	19.999999	-6.101244
0.286667	19.999999	-13.868323
0.293333	19.999999	-21.798919
0.300000	19.999999	-29.678415
0.306667	19.999999	-37.680552
0.313333	19.999999	-43.403660
0.320000	19.999999	-44.967295
0.326667	19.999999	-43.505860
0.333333	19.999999	-39.775617
0.340000	19.999999	-34.410203
0.346666	19.999999	-27.757086
0.353333	19.999999	-19.928689
0.360000	19.999999	-11.722157
0.366666	19.999999	-2.728697
0.373333	19.999999	7.194768
0.380000	19.999999	17.005814
0.386666	19.999999	27.164335
0.393333	19.999999	37.670331
0.400000	19.999999	48.206987
0.406666	19.999999	58.886722
0.413333	19.999999	69.607332
0.420000	19.999999	80.195088
0.426666	19.999999	90.854377
0.433333	19.999999	101.789606
0.440000	19.999999	112.152526
0.446666	19.999999	120.175102
0.453333	19.999999	123.711159
0.460000	19.999999	124.252821
0.466666	19.999999	122.730057
0.473333	19.999999	119.633454
0.480000	19.999999	115.422875
0.486666	19.999999	110.302733
0.493333	19.999999	104.467204
0.500000	19.999999	98.202445
0.506666	19.999999	91.477789
0.513333	-19.999999	84.231921
0.520000	-19.999999	77.159793
0.526666	-19.999999	69.689089
0.533333	-19.999999	62.003767
0.540000	-19.999999	54.308231
0.546666	-19.999999	46.459394
0.553333	-19.999999	38.487918
0.560000	-19.999999	30.536881
0.566666	-19.999999	22.493869
0.573333	-19.999999	14.369096
0.580000	-19.999999	6.274982
0.586666	-19.999999	-2.350563
0.593333	-19.999999	-10.710392
0.600000	-19.999999	-18.743187
0.606666	-19.999999	-26.939499
0.613333	-19.999999	-35.258447
0.620000	-19.999999	-43.424099
0.626666	-19.999999	-51.671511
0.633333	-19.999999	-60.000685
0.640000	-19.999999	-68.207212
0.646666	-19.999999	-76.495503
0.653333	-19.999999	-84.845115
0.660000	-19.999999	-93.072085
0.666666	-19.999999	-101.360376
0.673333	-19.999999	-109.853061
0.680000	-19.999999	-117.957394
0.686666	-19.999999	-126.245679
0.693333	-19.999999	-134.636170
0.700000	-19.999999	-142.883582
0.706666	-19.999999	-151.171880
0.713333	-19.999999	-159.868965
0.719999	-19.999999	-167.850656
0.726666	-19.999999	-176.128722
0.733333	-19.999999	-182.086887
0.739999	-19.999999	-183.854923
0.746666	-19.999999	-182.526342
0.753333	-19.999999	-178.806320
0.759999	-19.999999	-173.604421
0.766666	-19.999999	-167.012633
0.773333	-19.999999	-159.347753
0.779999	-19.999999	-151.059455
0.786666	-19.999999	-142.065995
0.793333	-19.999999	-132.520669
0.799999	-19.999999	-122.730057
0.806666	-19.999999	-112.530659
0.813333	-19.999999	-102.014442
0.819999	-19.999999	-91.426692
0.826666	-19.999999	-80.736736
0.833333	-19.999999	-69.709532
0.839999	-19.999999	-59.305733
0.846666	-19.999999	-48.605559
0.853333	-19.999999	-37.813409
0.859999	-19.999999	-27.205214
0.866666	-19.999999	-16.525482
0.873333	-19.999999	-5.763990
0.879999	-19.999999	5.672011
0.886666	-19.999999	16.372184
0.893333	-19.999999	27.154115
0.899999	-19.999999	37.762309
0.906666	-19.999999	48.411384
0.913333	-19.999999	59.459030
0.919999	-19.999999	69.801508
0.926666	-19.999999	80.471021
0.933333	-19.999999	91.232510
0.939999	-19.999999	101.840709
0.946666	-19.999999	112.520441
0.953333	-19.999999	123.261487
0.959999	-19.999999	133.849250
0.966666	-19.999999	144.539193
0.973333	-19.999999	155.280253
0.979999	-19.999999	165.908888
0.986666	-19.999999	176.557958
0.993333	-19.999999	184.744050
0.999999	-19.999999	188.147260
1.006666	-19.999999	188.688907
1.013333	-19.999999	187.135490
1.019999	19.999999	184.079759
1.026666	19.999999	179.848744
1.033333	19.999999	174.677512
1.039999	19.999999	168.923733
1.046666	19.999999	162.607871
1.053333	19.999999	155.801464
1.059999	19.999999	148.800876
1.066666	19.999999	141.524347
1.073333	19.999999	133.971879
1.079999	19.999999	126.388757
1.086666	19.999999	118.652339
1.093333	19.999999	110.721745
1.099999	19.999999	102.872908
1.106666	19.999999	94.880992
1.113333	19.999999	86.786883
1.119999	19.999999	78.774525
1.126666	19.999999	70.659974
1.133332	19.999999	62.443222
1.139999	19.999999	54.349110
1.146666	19.999999	46.152797
1.153332	19.999999	37.884949
1.159999	19.999999	29.698854
1.166666	19.999999	21.482104
1.173332	19.999999	13.193813
1.179999	19.999999	5.007722
1.186666	19.999999	-4.108376
1.193332	19.999999	-12.447765
1.199999	19.999999	-20.644078
1.206666	19.999999	-28.922149
1.213332	19.999999	-37.261537
1.219999	19.999999	-45.488510
1.226666	19.999999	-53.766580
1.233332	19.999999	-62.126410
1.239999	19.999999	-70.353380
1.246666	19.999999	-78.641671
1.253332	19.999999	-87.011720
1.259999	19.999999	-95.259132
1.266666	19.999999	-103.547423
1.273332	19.999999	-111.897029
1.279999	19.999999	-120.144435
1.286666	19.999999	-128.422515
1.293332	19.999999	-136.802774
1.299999	19.999999	-145.039969
1.306666	19.999999	-153.328267
1.313332	19.999999	-161.698308
1.319999	19.999999	-169.945721
1.326666	19.999999	-178.244237
1.333332	19.999999	-186.604060
1.339999	19.999999	-192.511122
1.346666	19.999999	-194.320043
1.353332	19.999999	-192.981244
1.359999	19.999999	-189.383852
1.366666	19.999999	-184.059323
1.373332	19.999999	-177.406200
1.379999	19.999999	-169.863963
1.386666	19.999999	-161.504140
1.393332	19.999999	-152.439140
1.399999	19.999999	-143.047097
1.406666	19.999999	-133.174742
1.413332	19.999999	-122.914022
1.419999	19.999999	-112.540877
1.426666	19.999999	-101.912249
1.433332	19.999999	-91.099656
1.439999	19.999999	-80.450578
1.446666	19.999999	-69.729968
1.453332	19.999999	-58.948036
1.459999	19.999999	-48.309184
1.466666	19.999999	-37.619231
1.473332	19.999999	-26.837301
1.479999	19.999999	-16.208667
1.486665	19.999999	-5.508494
1.493332	19.999999	6.039926
1.499999	19.999999	16.668559
1.506665	19.999999	27.348293
1.513332	19.999999	38.120003
1.519999	-19.999999	48.748638
1.526665	-19.999999	59.438587
1.533332	-19.999999	70.230744
1.539999	-19.999999	80.838936
1.546665	-19.999999	91.528886
1.553332	-19.999999	102.310817
1.559999	-19.999999	112.919016
1.566665	-19.999999	123.598748
1.573332	-19.999999	134.380680
1.579999	-19.999999	144.988865
1.586665	-19.999999	155.678822
1.593332	-19.999999	166.460753
1.599999	-19.999999	177.079170
1.606665	-19.999999	187.758909
1.613332	-19.999999	198.520391
1.619999	-19.999999	209.159244
1.626665	-19.999999	219.828764
1.633332	-19.999999	230.580028
1.639999	-19.999999	241.188214
1.646665	-19.999999	249.251689
1.653332	-19.999999	252.797978
1.659999	-19.999999	253.370266
1.666665	-19.999999	251.898606
1.673332	-19.999999	248.863325
1.679999	-19.999999	244.693631
1.686665	-19.999999	239.614374
1.693332	-19.999999	233.789070
1.699999	-19.999999	227.544747
1.706665	-19.999999	220.830302
1.713332	-19.999999	213.727520
1.719999	-19.999999	206.522531
1.726665	-19.999999	199.062052
1.733332	-19.999999	191.386941
1.739999	-19.999999	183.701626
1.746665	-19.999999	175.873232
1.753332	-19.999999	167.881310
1.759999	-19.999999	159.960940
1.766665	-19.999999	151.917928
1.773332	-19.999999	143.782927
1.779999	-19.999999	135.719479
1.786665	-19.999999	127.564042
1.793332	-19.999999	119.347297
1.799999	-19.999999	111.191860
1.806665	-19.999999	103.005769
1.813332	-19.999999	94.717478
1.819999	-19.999999	86.551829
1.826665	-19.999999	78.314635
1.833332	-19.999999	70.005908
1.839998	-19.999999	61.809592
1.846665	-19.999999	53.551962
1.853332	-19.999999	45.202352
1.859998	-19.999999	37.016261
1.866665	-19.999999	28.748410
1.873332	-19.999999	20.388581
1.879998	-19.999999	12.182050
1.886665	-19.999999	3.903979
1.893332	-19.999999	-4.936183
1.899998	-19.999999	-13.173374
1.906665	-19.999999	-21.451444
1.913332	-19.999999	-29.811272
1.919998	-19.999999	-38.048464
1.926665	-19.999999	-46.306094
1.933332	-19.999999	-54.676146
1.939998	-19.999999	-62.923555
1.946665	-19.999999	-71.211846
1.953332	-19.999999	-79.571677
1.959998	-19.999999	-87.808864
1.966665	-19.999999	-96.117598
1.973332	-19.999999	-104.487647
1.979998	-19.999999	-112.724834
1.986665	-19.999999	-121.033561
1.993332	-19.999999	-129.393399
1.999998	-19.999999	-137.651029
2.006665	-19.999999	-145.939313
2.013332	-19.999999	-154.299151
2.019998	-19.999999	-162.556781
2.026665	19.999999	-170.855283
2.033332	19.999999	-179.235557
2.039998	19.999999	-187.472751
2.046665	19.999999	-195.781471
2.053332	19.999999	-204.161745
2.059998	19.999999	-212.429593
2.066665	19.999999	-220.728109
2.073332	19.999999	-229.241229
2.079998	19.999999	-237.335359
2.086665	19.999999	-245.644065
2.093332	19.999999	-254.014134
2.099998	19.999999	-262.251315
2.106665	19.999999	-270.570267
2.113332	19.999999	-278.940308
2.119998	19.999999	-287.197953
2.126665	19.999999	-295.496468
2.133332	19.999999	-301.464852
2.139998	19.999999	-303.202206
2.146665	19.999999	-301.832753
2.153332	19.999999	-298.051424
2.159998	19.999999	-292.798407
2.166665	19.999999	-286.165747
2.173331	19.999999	-278.449764
2.179998	19.999999	-270.141030
2.186665	19.999999	-261.147584
2.193331	19.999999	-251.581795
2.199998	19.999999	-241.780965
2.206665	19.999999	-231.591798
2.213331	19.999999	-221.065356
2.219998	19.999999	-210.528710
2.226665	19.999999	-199.900075
2.233331	19.999999	-188.954629
2.239998	19.999999	-178.632587
2.246665	19.999999	-167.993735
2.253331	19.999999	-157.222021
2.259998	19.999999	-146.685361
2.266665	19.999999	-136.015854
2.273331	19.999999	-125.285026
2.279998	19.999999	-114.717699
2.286665	19.999999	-104.068635
2.293331	19.999999	-93.307139
2.299998	19.999999	-82.729608
2.306665	19.999999	-72.080530
2.313331	19.999999	-61.175962
2.319998	19.999999	-50.721067
2.326665	19.999999	-40.082214
2.333331	19.999999	-29.310500
2.339998	19.999999	-18.732967
2.346665	19.999999	-8.053234
2.353331	19.999999	3.280569
2.359998	19.999999	13.898982
2.366665	19.999999	24.578716
2.373331	19.999999	35.309547
2.379998	19.999999	45.907522
2.386665	19.999999	56.566814
2.393331	19.999999	67.491824
2.399998	19.999999	77.916059
2.406665	19.999999	88.565137
2.413331	19.999999	99.326626
2.419998	19.999999	109.904157
2.426665	19.999999	120.573671
2.433331	19.999999	131.314731
2.439998	19.999999	141.912698
2.446665	19.999999	152.582219
2.453331	19.999999	163.333483
2.459998	19.999999	173.931464
2.466665	19.999999	184.590753
2.473331	19.999999	195.556635
2.479998	19.999999	205.960434
2.486665	19.999999	216.619736
2.493331	19.999999	227.371001
2.499998	19.999999	237.979200
2.506665	19.999999	248.638502
2.513331	19.999999	259.369330
2.519998	19.999999	269.977516
2.526664	-19.999999	280.657254
2.533331	-19.999999	291.398300
2.539998	-19.999999	301.986050
2.546664	-19.999999	312.645352
2.553331	-19.999999	323.652120
2.559998	-19.999999	334.025265
2.566664	-19.999999	344.664104
2.573331	-19.999999	355.425586
2.579998	-19.999999	2.953534
2.586664	-19.999999	9.064998
2.593331	-19.999999	13.704805
2.599998	-19.999999	14.972065
2.606664	-19.999999	13.970522
2.613331	-19.999999	11.252044
2.619998	-19.999999	7.327625
2.626664	-19.999999	2.422102
2.633331	-19.999999	-4.149255
2.639998	-19.999999	-10.158521
2.646664	-19.999999	-16.791197
2.653331	-19.999999	-23.842888
2.659998	-19.999999	-31.017214
2.666664	-19.999999	-38.477697
2.673331	-19.999999	-46.142579
2.679998	-19.999999	-53.817676
2.686664	-19.999999	-61.666513
2.693331	-19.999999	-69.648211
2.699998	-19.999999	-77.589023
2.706664	-19.999999	-85.632042
2.713331	-19.999999	-94.002090
2.719998	-19.999999	-101.861145
2.726664	-19.999999	-110.006357
2.733331	-19.999999	-118.274206
2.739998	-19.999999	-124.058638
2.746664	-19.999999	-125.806238
2.753331	-19.999999	-124.457207
2.759998	-19.999999	-120.839393
2.766664	-19.999999	-115.504632
2.773331	-19.999999	-108.810637
2.779998	-19.999999	-101.237733
2.786664	-19.999999	-92.857467
2.793331	-19.999999	-83.628952
2.799998	-19.999999	-74.359559
2.806664	-19.999999	-64.487190
2.813331	-19.999999	-54.185591
2.819998	-19.999999	-43.843114
2.826664	-19.999999	-33.183822
2.833331	-19.999999	-22.401890
2.839998	-19.999999	-11.783476
2.846664	-19.999999	-1.083303
2.853331	-19.999999	9.984784
2.859998	-19.999999	20.603197
2.866664	-19.999999	31.293150
2.873331	-19.999999	42.279479
2.879997	-19.999999	52.673056
2.886664	-19.999999	63.363009
2.893331	-19.999999	74.144941
2.899997	-19.999999	84.722472
2.906664	-19.999999	95.422647
2.913331	-19.999999	106.173918
2.919997	-19.999999	116.782110
2.926664	-19.999999	124.845572
2.933331	-19.999999	128.391847
2.939997	-19.999999	128.974380
2.946664	-19.999999	127.472066
2.953331	-19.999999	124.324360
2.959997	-19.999999	120.215974
2.966664	-19.999999	115.126499
2.973331	-19.999999	109.280752
2.979997	-19.999999	103.015987
2.986664	-19.999999	96.281113
2.993331	-19.999999	89.188542
2.999997	-19.999999	81.942681
3.006664	-19.999999	74.471977
3.013331	-19.999999	66.755994
3.019997	-19.999999	59.040019
3.026664	-19.999999	51.191178
3.033331	19.999999	43.045966
3.039997	19.999999	35.238008
3.046664	19.999999	27.184774
3.053331	19.999999	18.998683
3.059997	19.999999	10.935229
3.066664	19.999999	2.769577
3.073331	19.999999	-6.152344
3.079997	19.999999	-14.287337
3.086664	19.999999	-22.514308
3.093331	19.999999	-30.812817
3.099997	19.999999	-38.998908
3.106664	19.999999	-47.246321
3.113331	19.999999	-55.565269
3.119997	19.999999	-63.782021
3.126664	19.999999	-72.060094
3.133331	19.999999	-80.399482
3.139997	19.999999	-88.626451
3.146664	19.999999	-96.914743
3.153331	19.999999	-105.274573
3.159997	19.999999	-113.501543
3.166664	19.999999	-121.800059
3.173331	19.999999	-130.159882
3.179997	19.999999	-138.397077
3.186664	19.999999	-146.746683
3.193331	19.999999	-153.808593
3.199997	19.999999	-157.487742
3.206664	19.999999	-157.630808
3.213331	19.999999	-155.065634
3.219997	19.999999	-150.568911
3.226664	19.999999	-144.569860
3.233330	19.999999	-137.375089
3.239997	19.999999	-129.403617
3.246664	19.999999	-120.716750
3.253330	19.999999	-111.375817
3.259997	19.999999	-101.779388
3.266664	19.999999	-91.712843
3.273330	19.999999	-81.329487
3.279997	19.999999	-70.833713
3.286664	19.999999	-60.143757
3.293330	19.999999	-49.310728
3.299997	19.999999	-38.661654
3.306664	19.999999	-27.951263
3.313330	19.999999	-17.148892
3.319997	19.999999	-6.499818
3.326664	19.999999	4.670467
3.333330	19.999999	15.462618
3.339997	19.999999	26.091253
3.346664	19.999999	36.791425
3.353330	19.999999	47.573357
3.359997	19.999999	58.242867
3.366664	19.999999	68.932824
3.373330	19.999999	79.714755
3.379997	19.999999	90.353608
3.386664	19.999999	101.023122
3.393330	19.999999	111.784611
3.399997	19.999999	122.403028
3.406664	19.999999	133.092984
3.413330	19.999999	143.854466
3.419997	19.999999	154.483101
3.426664	19.999999	165.162840
3.433330	19.999999	175.924322
3.439997	19.999999	186.532521
3.446664	19.999999	197.222477
3.453330	19.999999	207.983959
3.459997	19.999999	218.581940
3.466664	19.999999	229.251447
3.473330	19.999999	237.376230
3.479997	19.999999	240.840748
3.486664	19.999999	241.392628
3.493330	19.999999	239.828979
3.499997	19.999999	236.783479
3.506664	19.999999	232.542232
3.513330	19.999999	227.371001
3.519997	19.999999	221.627454
3.526664	19.999999	215.301373
3.533330	-19.999999	208.515403
3.539997	-19.999999	201.525032
3.546664	-19.999999	194.228068
3.553330	-19.999999	186.685818
3.559997	-19.999999	179.112914
3.566664	-19.999999	171.356059
3.573330	-19.999999	163.456126
3.579997	-19.999999	155.576628
3.586663	-19.999999	147.584706
3.593330	-19.999999	139.470154
3.599997	-19.999999	131.437360
3.606663	-19.999999	123.312590
3.613330	-19.999999	115.095846
3.619997	-19.999999	106.981287
3.626663	-19.999999	98.784971
3.633330	-19.999999	90.527341
3.639997	-19.999999	82.351475
3.646663	-19.999999	74.134723
3.653330	-19.999999	65.815771
3.659997	-19.999999	57.629680
3.666663	-19.999999	49.372046
3.673330	-19.999999	41.032659
3.679997	-19.999999	32.826125
3.686663	-19.999999	24.548057
3.693330	-19.999999	16.198446
3.699997	-19.999999	7.991915
3.706663	-19.999999	-0.878906
3.713330	-19.999999	-9.259175
3.719997	-19.999999	-17.475927
3.726663	-19.999999	-25.753997
3.733330	-19.999999	-34.124045
3.739997	-19.999999	-42.371458
3.746663	-19.999999	-50.659749
3.753330	-19.999999	-59.019576
3.759997	-19.999999	-67.256770
3.766663	-19.999999	-75.555279
3.773330	-19.999999	-83.925328
3.779997	-19.999999	-92.162516
3.786663	-19.999999	-100.471249
3.793330	-19.999999	-108.851516
3.799997	-19.999999	-117.088704
3.806663	-19.999999	-125.407655
3.813330	-19.999999	-133.767493
3.819997	-19.999999	-142.025123
3.826663	-19.999999	-150.333843
3.833330	-19.999999	-158.693681
3.839997	-19.999999	-166.961529
3.846663	-19.999999	-175.270263
3.853330	-19.999999	-183.650523
3.859997	-19.999999	-191.897935
3.866663	-19.999999	-200.196451
3.873330	-19.999999	-208.566493
3.879997	-19.999999	-216.824123
3.886663	-19.999999	-225.143075
3.893330	-19.999999	-233.523348
3.899997	-19.999999	-241.770747
3.906663	-19.999999	-250.099917
3.913330	-19.999999	-258.459768
3.919997	-19.999999	-266.707166
3.926663	-19.999999	-275.015900
3.933330	-19.999999	-283.385942
3.939996	-19.999999	-291.633368
3.946663	-19.999999	-297.571097
3.953330	-19.999999	-299.339106
3.959996	-19.999999	-297.969653
3.966663	-19.999999	-294.310966
3.973330	-19.999999	-288.904653
3.979996	-19.999999	-282.292429
3.986663	-19.999999	-274.678653
3.993330	-19.999999	-266.237058
3.999996	-19.999999	-257.294701
4.006663	-19.999999	-247.800465
4.013330	-19.999999	-237.846339
4.019997	-19.999999	-227.728698
4.026663	-19.999999	-217.263577
4.033330	-19.999999	-206.573635
4.039997	19.999999	-195.985872
4.046663	19.999999	-185.316365
4.053330	19.999999	-174.565087
4.059997	19.999999	-163.967119
4.066663	19.999999	-153.307817
4.073330	19.999999	-142.546335
4.079997	19.999999	-131.948354
4.086663	19.999999	-121.217526
4.093330	19.999999	-110.476473
4.099997	19.999999	-99.878498
4.106663	19.999999	-89.208985
4.113330	19.999999	-78.212435
4.119997	19.999999	-67.849521
4.126663	19.999999	-57.190226
4.133330	19.999999	-46.398073
4.139997	19.999999	-35.810320
4.146663	19.999999	-25.130587
4.153330	19.999999	-14.389535
4.159997	19.999999	-3.781341
4.166663	19.999999	7.542242
4.173330	19.999999	18.293514
4.179996	19.999999	28.891488
4.186663	19.999999	39.550781
4.193330	19.999999	50.465570
4.199996	19.999999	60.900029
4.206663	19.999999	71.589979
4.213330	19.999999	82.341250
4.219996	19.999999	92.939224
4.226663	19.999999	103.618956
4.233330	19.999999	114.349791
4.239996	19.999999	124.947765
4.246663	19.999999	135.627503
4.253330	19.999999	146.378768
4.259996	19.999999	156.976749
4.266663	19.999999	167.625820
4.273330	19.999999	178.581484
4.279996	19.999999	189.005719
4.286663	19.999999	199.675239
4.293330	19.999999	210.436721
4.299996	19.999999	221.034702
4.306663	19.999999	231.704223
4.313330	19.999999	242.445269
4.319996	19.999999	253.053454
4.326663	19.999999	263.722975
4.333330	19.999999	274.464021
4.339996	19.999999	285.072234
4.346663	19.999999	295.721291
4.353330	19.999999	306.676969
4.359996	19.999999	317.111422
4.366663	19.999999	327.770724
4.373330	19.999999	338.532206
4.379996	19.999999	349.130174
4.386663	19.999999	357.183404
4.393330	19.999999	0.674509
4.399996	19.999999	3.515625
4.406663	19.999999	5.866188
4.413330	19.999999	5.620912
4.419996	19.999999	3.515625
4.426663	19.999999	-1.021984
4.433330	19.999999	-5.753770
4.439996	19.999999	-10.996548
4.446663	19.999999	-17.005814
4.453330	19.999999	-23.566951
4.459996	19.999999	-30.373366
4.466663	19.999999	-37.547691
4.473330	19.999999	-44.977516
4.479996	19.999999	-52.478877
4.486663	19.999999	-60.184635
4.493330	19.999999	-68.064133
4.499996	19.999999	-75.912970
4.506663	19.999999	-81.523663
4.513330	19.999999	-83.036201
4.519996	19.999999	-81.452123
4.526663	19.999999	-77.619684
4.533329	19.999999	-72.080530
4.539996	-19.999999	-65.376317
4.546663	-19.999999	-57.660341
4.553329	-19.999999	-49.147210
4.559996	-19.999999	-40.143532
4.566663	-19.999999	-30.598202
4.573329	-19.999999	-20.613417
4.579996	-19.999999	-10.444677
4.586663	-19.999999	0.388354
4.593329	-19.999999	11.272484
4.599996	-19.999999	21.655840
4.606663	-19.999999	32.304913
4.613329	-19.999999	43.045966
4.619996	-19.999999	53.633722
4.626663	-19.999999	64.303233
4.633329	-19.999999	75.023850
4.639996	-19.999999	85.621817
4.646663	-19.999999	96.281113
4.653329	-19.999999	104.385446
4.659996	-19.999999	107.870414
4.666663	-19.999999	108.381408
4.673329	-19.999999	106.736008
4.679996	-19.999999	103.690495
4.686663	-19.999999	99.418608
4.693329	-19.999999	94.216709
4.699996	-19.999999	88.422058
4.706663	-19.999999	82.075535
4.713329	-19.999999	75.013625
4.719996	-19.999999	68.217430
4.726663	-19.999999	60.930690
4.733329	-19.999999	53.368004
4.739996	-19.999999	45.764443
4.746663	-19.999999	37.997367
4.753329	-19.999999	29.893033
4.759996	-19.999999	22.166833
4.766663	-19.999999	14.164698
4.773329	-19.999999	6.019486
4.779996	-19.999999	-2.800236
4.786663	-19.999999	-10.955669
4.793329	-19.999999	-19.192859
4.799996	-19.999999	-27.327853
4.806663	-19.999999	-35.524166
4.813329	-19.999999	-43.832893
4.819996	-19.999999	-52.029205
4.826663	-19.999999	-60.286835
4.833329	-19.999999	-68.799963
4.839996	-19.999999	-76.832757
4.846663	-19.999999	-85.110830
4.853329	-19.999999	-93.480879
4.859996	-19.999999	-101.697630
4.866663	-19.999999	-110.016582
4.873329	-19.999999	-118.366195
4.879996	-19.999999	-126.613594
4.886662	-19.999999	-134.932545
4.893329	-19.999999	-143.302601
4.899996	-19.999999	-151.560231
4.906662	-19.999999	-159.868965
4.913329	-19.999999	-168.392303
4.919996	-19.999999	-176.517073
4.926662	-19.999999	-184.825807
4.933329	-19.999999	-190.794190
4.939996	-19.999999	-192.541790
4.946662	-19.999999	-191.223426
4.953329	-19.999999	-187.585162
4.959996	-19.999999	-182.281070
4.966662	-19.999999	-175.668832
4.973329	-19.999999	-167.993735
4.979996	-19.999999	-159.654347
4.986662	-19.999999	-150.681322
4.993329	-19.999999	-140.931596
4.999996	-19.999999	-131.294281
5.006662	-19.999999	-121.105101
5.013329	-19.999999	-110.568448
5.019996	-19.999999	-99.990916
5.026662	-19.999999	-89.290742
5.033329	-19.999999	-78.529253
5.039996	-19.999999	-67.880175
5.046662	19.999999	-57.190226
5.053329	19.999999	-46.398073
5.059996	19.999999	-35.779659
5.066662	19.999999	-25.099928
5.073329	19.999999	-14.123819
5.079996	19.999999	-3.730242
5.086662	19.999999	7.715979
5.093329	19.999999	18.508131
5.099996	19.999999	29.106103
5.106662	19.999999	39.826717
5.113329	19.999999	50.557549
5.119996	19.999999	61.165744
5.126662	19.999999	71.855694
5.133329	19.999999	82.627408
5.139996	19.999999	93.235600
5.146662	19.999999	103.925556
5.153329	19.999999	114.707481
5.159996	19.999999	125.315680
5.166662	19.999999	136.015854
5.173329	19.999999	146.808004
5.179996	19.999999	157.416203
5.186662	19.999999	168.126595
5.193329	19.999999	178.908527
5.199996	19.999999	189.537148
5.206662	19.999999	200.278208
5.213329	19.999999	211.029472
5.219995	19.999999	221.617236
5.226662	19.999999	232.317410
5.233329	19.999999	243.078892
5.239995	19.999999	251.132122
5.246662	19.999999	254.688629
5.253329	19.999999	255.209854
5.259995	19.999999	253.625770
5.266662	19.999999	250.498499
5.273329	19.999999	246.185727
5.279995	19.999999	241.055380
5.286662	19.999999	235.230048
5.293329	19.999999	228.832442
5.299995	19.999999	222.128229
5.306662	19.999999	215.076537
5.313329	19.999999	207.708033
5.319995	19.999999	200.257772
5.326662	19.999999	192.613329
5.333329	19.999999	184.784935
5.339995	19.999999	176.987195
5.346662	19.999999	169.056594
5.353329	19.999999	160.982928
5.359995	19.999999	152.970570
5.366662	19.999999	144.866236
5.373329	19.999999	136.680145
5.379995	19.999999	128.565593
5.386662	19.999999	120.389720
5.393329	19.999999	112.121865
5.399995	19.999999	103.966435
5.406662	19.999999	95.739465
5.413329	19.999999	87.440949
5.419995	19.999999	79.244640
5.426662	19.999999	70.976792
5.433329	19.999999	62.637397
5.439995	19.999999	54.420649
5.446662	19.999999	46.142579
5.453329	19.999999	37.782749
5.459995	19.999999	29.555779
5.466662	19.999999	21.267488
5.473329	19.999999	12.887218
5.479995	19.999999	4.660247
5.486662	19.999999	-4.496730
5.493329	19.999999	-12.876998
5.499995	19.999999	-21.124409
5.506662	19.999999	-29.433140
5.513329	19.999999	-37.803188
5.519995	19.999999	-46.040379
5.526662	19.999999	-54.349110
5.533329	19.999999	-62.729379
5.539995	19.999999	-70.976792
5.546662	-19.999999	-79.275301
5.553329	-19.999999	-87.655567
5.559995	-19.999999	-95.902980
5.566662	-19.999999	-104.211707
5.573328	-19.999999	-112.591980
5.579995	-19.999999	-120.849611
5.586662	-19.999999	-129.158344
5.593328	-19.999999	-137.528386
5.599995	-19.999999	-145.775799
5.606662	-19.999999	-154.084532
5.613328	-19.999999	-162.464792
5.619995	-19.999999	-170.712204
5.626662	-19.999999	-179.041374
5.633328	-19.999999	-187.421648
5.639995	-19.999999	-195.669060
5.646662	-19.999999	-203.967562
5.653328	-19.999999	-212.358054
5.659995	-19.999999	-220.615684
5.666662	-19.999999	-228.934636
5.673328	-19.999999	-237.314895
5.679995	-19.999999	-245.562321
5.686662	-19.999999	-253.881273
5.693328	-19.999999	-262.261533
5.699995	-19.999999	-268.158390
5.706662	-19.999999	-269.967298
5.713328	-19.999999	-268.556946
5.719995	-19.999999	-264.908477
5.726662	-19.999999	-259.563499
5.733328	-19.999999	-252.859286
5.739995	-19.999999	-245.286382
5.746662	-19.999999	-236.885686
5.753328	-19.999999	-227.810455
5.759995	-19.999999	-218.367322
5.766662	-19.999999	-208.494953
5.773328	-19.999999	-198.224015
5.779995	-19.999999	-187.830448
5.786662	-19.999999	-177.171146
5.793328	-19.999999	-166.358560
5.799995	-19.999999	-155.689039
5.806662	-19.999999	-144.937775
5.813328	-19.999999	-134.135408
5.819995	-19.999999	-123.496555
5.826662	-19.999999	-112.775938
5.833328	-19.999999	-101.994006
5.839995	-19.999999	-91.365371
5.846662	-19.999999	-80.644761
5.853328	-19.999999	-69.852604
5.859995	-19.999999	-59.223976
5.866662	-19.999999	-48.534020
5.873328	-19.999999	-37.711209
5.879995	-19.999999	-27.113235
5.886662	-19.999999	-16.413062
5.893328	-19.999999	-5.620912
5.899995	-19.999999	5.733330
5.906662	-19.999999	16.423284
5.913328	-19.999999	27.205214
5.919995	-19.999999	37.823627
5.926661	-19.999999	48.513580
5.933328	-19.999999	59.295515
5.939995	-19.999999	69.913926
5.946661	-19.999999	80.593657
5.953328	-19.999999	91.375589
5.959995	-19.999999	102.014442
5.966661	-19.999999	112.694180
5.973328	-19.999999	123.476105
5.979995	-19.999999	134.084304
5.986661	-19.999999	144.784479
5.993328	-19.999999	155.576628
5.999995	-19.999999	166.195045
